#SampleID	Description	Unassigned	Other	Actinobacteria	Bacteroidetes	Cyanobacteria	Firmicutes	Proteobacteria	Tenericutes	Verrucomicrobia
Plate3-A1	weaned	0.1463414634	0	0	0.2682926829	0	0.5853658537	0	0	0
Plate3-B1	weaned	0.063583815	0	0	0.5144508671	0	0.4046242775	0.0115606936	0.0057803468	0
Plate3-C1	weaned	0.0823244552	0	0	0.4624697337	0	0.4479418886	0.0024213075	0.004842615	0
Plate3-D1	weaned	0.1230207065	0	0	0.5334957369	0	0.3349573691	0.0048721072	0.0036540804	0
Plate3-E1	weaned	0.0135533294	0	0	0.0015714005	0	0.5627578079	0.4221174622	0	0
Plate3-F1	weaned	0.105893186	0	0	0.4732965009	0	0.4189686924	0.0009208103	0.0009208103	0
Plate3-G1	weaned	0.0752212389	0	0	0.5973451327	0	0.3230088496	0	0.0044247788	0
Plate3-H1	weaned	0.152173913	0	0	0.4456521739	0	0.3913043478	0.0054347826	0.0054347826	0
Plate3-A2	weaned	0.037037037	0	0	0.2814814815	0	0.6814814815	0	0	0
Plate3-B2	weaned	0.0895522388	0	0	0.5245202559	0	0.381663113	0.0042643923	0	0
Plate3-C2	weaned	0.1446886447	0	0	0.5073260073	0	0.3461538462	0.0018315018	0	0
Plate3-D2	weaned	0.1172545281	0	0	0.4280266921	0	0.4537654909	0	0.0009532888	0
Plate3-E2	weaned	0.1204873646	0	0	0.4381768953	0	0.4395306859	0.0009025271	0.0009025271	0
Plate3-F2	weaned	0.1121546961	0	0	0.4425414365	0	0.4453038674	0	0	0
Plate3-G2	weaned	0.0953011251	0	0	0.3170086036	0	0.5857048312	0.0006618134	0.0013236267	0
Plate3-H2	weaned	0.092018302	0	0	0.521098119	0	0.3858668022	0.0010167768	0	0
Plate3-A3	weaned	0.0512820513	0	0	0.3333333333	0	0.5641025641	0.0512820513	0	0
Plate3-B3	weaned	0.1078286558	0	0	0.5081240768	0	0.3810930576	0.0029542097	0	0
Plate3-C3	weaned	0.0862262038	0	0	0.5744680851	0	0.3359462486	0.0033594625	0	0
Plate3-D3	weaned	0.1402157165	0	0	0.5038520801	0	0.3482280431	0.0077041602	0	0
Plate3-E3	weaned	0.1195998181	0	0	0.4297407913	0	0.4474761255	0.0022737608	0.0009095043	0
Plate3-F3	weaned	0.1346499102	0	0	0.5547576302	0	0.2998204668	0.0053859964	0.0035906643	0.0017953321
Plate3-G3	weaned	0.1374045802	0	0	0.3664122137	0	0.4936386768	0.0025445293	0	0
Plate3-H3	weaned	0.0933997509	0	0	0.3947696139	0	0.4881693649	0.0062266501	0.0161892902	0.00124533
Plate3-A4	dN, 5 days	0.0641025641	0	0	0.3974358974	0	0.2051282051	0.3076923077	0.0256410256	0
Plate3-B4	dN, 5 days	0.1377576672	0.0015082956	0	0.267471091	0	0.2297637004	0.3237807944	0.0397184515	0
Plate3-C4	dN, 5 days	0.1309751434	0	0	0.1806883365	0	0.293499044	0.3929254302	0.0019120459	0
Plate3-D4	dN, 5 days	0.1417572464	0.0013586957	0	0.2250905797	0	0.1662137681	0.4605978261	0.0049818841	0
Plate3-E4	dN, 5 days	0.0396667989	0	0	0.001190004	0	0.1905989687	0.4926616422	0.2758825863	0
Plate3-F4	dN, 5 days	0.0437262357	0	0	0.0019011407	0	0.5076045627	0.4374524715	0.0093155894	0
Plate3-G4	dN, 5 days	0.0523690773	0	0	0.0005754844	0	0.1283330136	0.3713792442	0.4473431805	0
Plate3-H4	dN, 5 days	0.0275540483	0	0	0.0002119542	0	0.2944044086	0.5061466723	0.1716829165	0
Plate3-A5	dPD, 5 days	0.0739934712	0	0	0.4548422198	0	0.4494015234	0.0065288357	0.0141458107	0.0010881393
Plate3-B5	dPD, 5 days	0.0949088624	0	0	0.4186046512	0	0.4783155248	0.002514142	0.0056568196	0
Plate3-C5	dPD, 5 days	0.0885286783	0	0	0.3684538653	0	0.5311720698	0.0037406484	0.0081047382	0
Plate3-D5	dPD, 5 days	0.1267387944	0	0	0.3462132921	0	0.5077279753	0.0030911901	0.0162287481	0
Plate3-E5	dPD, 5 days	0.1107266436	0	0	0.3193277311	0	0.5640138408	0.0059317845	0	0
Plate3-F5	dPD, 5 days	0.1149051491	0	0	0.362601626	0	0.5192411924	0.0016260163	0.0005420054	0.0010840108
Plate3-G5	dPD, 5 days	0.0807888041	0	0	0.3295165394	0	0.572519084	0.0015903308	0.0152671756	0.0003180662
Plate3-H5	dPD, 5 days	0.0812706271	0	0	0.4348184818	0	0.4562706271	0.0020627063	0.0255775578	0
Plate3-A7	dN, 8 days	0.0810810811	0	0	0.5351351351	0	0.1567567568	0.2162162162	0.0108108108	0
Plate3-B7	dN, 8 days	0.0906298003	0	0	0.3824884793	0	0.3379416283	0.1874039939	0.0015360983	0
Plate3-C7	dN, 8 days	0.1068938807	0	0	0.3090627421	0	0.4415182029	0.1409759876	0	0.0015491867
Plate3-D7	dN, 8 days	0.1341107872	0	0	0.3201166181	0	0.2058309038	0.3376093294	0.0023323615	0
Plate3-E7	dN, 8 days	0.0367981791	0	0	0.0001896813	0	0.1069802731	0.4277314112	0.4281107739	0.0001896813
Plate3-F7	dN, 8 days	0.074259491	0	0	0.0008343763	0	0.2834793492	0.5087609512	0.1322486441	0.0004171882
Plate3-G7	dN, 8 days	0.0572792363	0	0	0.000477327	0	0.1968973747	0.3997613365	0.3455847255	0
Plate3-H7	dN, 8 days	0.0023053733	0	0	0.0001773364	0	0.1000177336	0.5224330555	0.3750665012	0
Plate3-A8	dPD, 8 days	0.1056	0	0	0.3664	0	0.5008	0.0032	0.024	0
Plate3-B8	dPD, 8 days	0.0956816257	0	0	0.2946655377	0	0.5715495343	0.0016934801	0.0364098222	0
Plate3-C8	dPD, 8 days	0.1078147612	0	0	0.3256150507	0	0.5658465991	0.000723589	0	0
Plate3-D8	dPD, 8 days	0.0784955029	0	0	0.2534750613	0	0.6328699918	0.001635323	0.033524121	0
Plate3-E8	dPD, 8 days	0.0889801506	0	0	0.3518138261	0	0.5550992471	0.0034223135	0	0.0006844627
Plate3-F8	dPD, 8 days	0.1156462585	0	0	0.343537415	0	0.1394557823	0.4013605442	0	0
Plate3-G8	dPD, 8 days	0.2086330935	0	0	0.2446043165	0	0.1942446043	0.2949640288	0.0575539568	0
Plate3-H8	dPD, 8 days	0.1285714286	0	0	0.2261904762	0	0.2238095238	0.319047619	0.1	0.0023809524
Plate3-H9	dN, 12 days	0.0907310705	0	0	0.3466057441	0	0.5254569191	0.0365535248	0.0006527415	0
Plate3-A10	dN, 12 days	0.1115537849	0	0	0.3924302789	0	0.4701195219	0.0258964143	0	0
Plate3-B10	dN, 12 days	0.1324200913	0	0	0.3534246575	0	0.296803653	0.2127853881	0.001826484	0.002739726
Plate3-C10	dN, 12 days	0.1309309309	0.0006006006	0	0.3171171171	0	0.5069069069	0.0384384384	0.003003003	0.003003003
Plate3-D10	dN, 12 days	0.0308022923	0	0	0.0010744986	0	0.0257879656	0.5555157593	0.2396131805	0.1472063037
Plate3-E10	dN, 12 days	0.0334478809	0	0	0.0009163803	0	0.0332187858	0.66139748	0.0932416953	0.1777777778
Plate3-F10	dN, 12 days	0.0455357143	0	0	0.000297619	0	0.0660714286	0.4375	0.3205357143	0.1300595238
Plate3-G10	dN, 12 days	0.04511895	0	0	0.0024610336	0	0.0250205086	0.4963084495	0.2690730107	0.1620180476
Plate3-H10	dPD, 12 days	0.1393442623	0	0	0.4163934426	0	0.2327868852	0.0032786885	0.0049180328	0.2032786885
Plate3-A11	dPD, 12 days	0.1034482759	0	0	0.3348659004	0	0.3777777778	0.0114942529	0.0176245211	0.154789272
Plate3-B11	dPD, 12 days	0.1117886179	0.0010162602	0	0.3445121951	0	0.3831300813	0.006097561	0.012195122	0.1412601626
Plate3-C11	dPD, 12 days	0.1069142125	0	0	0.395006402	0	0.3034571063	0.0006402049	0.0070422535	0.1869398207
Plate3-D11	dPD, 12 days	0.1061185468	0	0	0.3374760994	0	0.3929254302	0.0114722753	0.0009560229	0.1510516252
Plate3-E11	dPD, 12 days	0.0884104443	0	0	0.3385249656	0	0.3921209345	0.002290426	0.0004580852	0.1781951443
Plate3-F11	dPD, 12 days	0.0992622401	0	0	0.3775989269	0	0.2951039571	0.0026827632	0.0053655265	0.2199865862
Plate3-G11	dPD, 12 days	0.128992629	0	0	0.3648648649	0	0.2727272727	0.042997543	0.0073710074	0.183046683
Plate3-H12	dN, 15 days	0.2106598985	0	0.0025380711	0.4086294416	0	0.3248730964	0.0456852792	0.0076142132	0
Plate4-A1	dN, 15 days	0.0785123967	0	0	0.0991735537	0	0.1363636364	0.6652892562	0.0082644628	0.0123966942
Plate4-B1	dN, 15 days	0.1038961039	0	0	0.5398886827	0	0.2486085343	0.0909090909	0.0074211503	0.0092764378
Plate4-C1	dN, 15 days	0.0984204131	0	0	0.3450789793	0	0.4957472661	0.0510328068	0.0060753341	0.0036452005
Plate4-D1	dN, 15 days	0.0482708934	0	0	0.0028818444	0	0.0201729107	0.5742074928	0.174351585	0.1801152738
Plate4-E1	dN, 15 days	0.0304772858	0	0	0.0014376078	0	0.0322024152	0.6903392754	0.0454284071	0.2001150086
Plate4-F1	dN, 15 days	0.0363881402	0	0	0.0026954178	0	0.0242587601	0.5727762803	0.1199460916	0.24393531
Plate4-G1	dN, 15 days	0.0262751159	0	0	0.0030911901	0	0.0236991242	0.5708397733	0.1674394642	0.2086553323
Plate4-H1	dPD, 15 days	0.1089108911	0	0	0.3663366337	0	0.1762376238	0.0138613861	0.003960396	0.3306930693
Plate4-A2	dPD, 15 days	0.1463414634	0	0	0.3170731707	0	0.243902439	0.0365853659	0.0243902439	0.2317073171
Plate4-B2	dPD, 15 days	0.1448497854	0	0	0.3154506438	0	0.3465665236	0.0042918455	0.0010729614	0.1877682403
Plate4-C2	dPD, 15 days	0.1216216216	0	0	0.3918918919	0	0.285012285	0	0	0.2014742015
Plate4-D2	dPD, 15 days	0.1085271318	0	0	0.3624031008	0	0.2926356589	0.0087209302	0	0.2277131783
Plate4-E2	dPD, 15 days	0.1075129534	0	0	0.3613989637	0	0.268134715	0.0038860104	0.0006476684	0.2584196891
Plate4-F2	dPD, 15 days	0.1003236246	0	0	0.4563106796	0	0.1434735707	0.003236246	0	0.2966558792
Plate4-G2	dPD, 15 days	0.0796645702	0	0	0.4234800839	0	0.2368972746	0.0104821803	0.0041928721	0.2452830189
