Eigvals	76
5.56963065832	1.21726809276	0.678375705132	0.326522981813	0.263530527618	0.160020444822	0.12243505191	0.102291798838	0.0888330209858	0.0675098556292	0.0618127376357	0.0537452354726	0.0499081375116	0.0488237745451	0.0413188139117	0.0385751429739	0.0359287953718	0.0340832240585	0.030458919914	0.0288911566912	0.0264073150066	0.0258094725551	0.0236322038373	0.0212677451386	0.0186542418996	0.0172121396469	0.0155164063519	0.0144597561149	0.0141993666596	0.0139835604429	0.0125063670253	0.0102492060462	0.00981214286594	0.00888453286791	0.00865456084831	0.00743715043969	0.00651786105932	0.00579134972016	0.00525870267858	0.00463090198144	0.00386100216461	0.00372657080766	0.00314995687656	0.00294607287025	0.00272056953567	0.00230422874277	0.00178872199368	0.00170281388579	0.00114412559935	8.54174792563e-05	0.0	0.0	0.0	0.0	0.0	0.0	0.0	0.0	0.0	0.0	0.0	0.0	0.0	0.0	0.0	0.0	0.0	0.0	0.0	0.0	0.0	0.0	0.0	0.0	0.0	0.0

Proportion explained	76
0.597966942364	0.130688392843	0.0728318035892	0.0350561753596	0.0282931766012	0.0171801223413	0.0131448776625	0.0109822568017	0.00953729487617	0.0072479962185	0.00663634197501	0.00577019843751	0.00535823975012	0.00524182032354	0.00443607239557	0.00414150627042	0.0038573889777	0.00365924466566	0.00327013195776	0.00310181369067	0.00283514336573	0.00277095777701	0.00253720175301	0.00228334862968	0.00200275757498	0.00184793052675	0.0016658731309	0.00155242899966	0.00152447305501	0.00150130365806	0.00134270915056	0.00110037572993	0.00105345173271	0.000953861625531	0.000929171359008	0.000798467686843	0.000699770898196	0.000621771154456	0.000564585078332	0.000497183111072	0.000414525091603	0.000400092266087	0.000338185814752	0.000316296410709	0.000292085911353	0.000247386712037	0.000192040852781	0.000182817582559	0.000122835665108	9.17059532826e-06	0.0	0.0	0.0	0.0	0.0	0.0	0.0	0.0	0.0	0.0	0.0	0.0	0.0	0.0	0.0	0.0	0.0	0.0	0.0	0.0	0.0	0.0	0.0	0.0	0.0	0.0

Species	0	0

Site	76	76
Plate3-C3	0.278084965801	0.0970977252004	-0.130378060157	-0.0241543119549	0.0475570412219	-0.000719995894073	0.0117711663958	-0.00551715036712	0.0477995771748	-0.0485168378109	0.0171482986081	-0.00419542186299	0.00853373340494	-0.0378618276032	0.0251550927232	-0.0168770316982	0.0170638223707	-0.0155953463868	0.00307940673965	0.0106214722181	-0.0127970297513	-0.0189465320319	0.0379448780516	0.00929170490334	-0.00994948553009	-0.0161408382722	0.00870037220677	0.0165166171263	0.0196785709927	0.00975004785089	-0.00919390903949	-0.00209583956498	-0.0107006564845	-0.00675933419796	-0.00600186037146	0.00532034077969	0.0142862370756	0.0107351850296	0.0027810553975	0.0058750615283	-0.00954725970642	-0.0162328103281	-0.00717085921921	-0.0043895734505	-0.0141297171659	-0.00142713411587	0.00174330068977	0.0065295362973	0.00458666073765	0.000319715439635	0.0	0.0	0.0	0.0	0.0	0.0	0.0	0.0	0.0	0.0	0.0	0.0	0.0	0.0	0.0	0.0	0.0	0.0	0.0	0.0	0.0	0.0	0.0	0.0	0.0	0.0
Plate4-G2	0.140411740376	-0.209346760754	0.0419698857221	-0.0239845531645	0.0317691010681	-0.0818434243303	0.0491601983292	-0.0233750399743	0.0224025075679	-0.0107247962674	0.00577252355747	0.0148483535347	0.00700411567805	-0.00433877912601	-0.0098104403327	0.00384722558214	-0.0193165090872	0.00457396938557	-0.0410885533996	-0.000715564371233	0.0100074352162	-0.00523419254543	-0.0175822365766	-0.0219976435488	-0.00857183656035	-0.00770772607311	-0.0142261548493	-0.00958189517922	0.0156027838821	-0.00377046852425	0.0144724072455	0.000619812857725	0.00604916134855	-0.00226411970291	0.0110305839338	0.00415128960854	0.020023473527	-0.00799186171385	-0.0028143419191	0.0127191094608	-0.00988514874445	-0.00169537979099	0.00492470377351	0.00442913229061	-0.00118370369131	0.0032075013409	-0.000590373109829	-0.00747443270871	0.000360321232087	0.000459320931579	0.0	0.0	0.0	0.0	0.0	0.0	0.0	0.0	0.0	0.0	0.0	0.0	0.0	0.0	0.0	0.0	0.0	0.0	0.0	0.0	0.0	0.0	0.0	0.0	0.0	0.0
Plate3-D4	-0.145672785017	0.0701609882253	0.0854743146558	-0.139767883095	-0.00409255914724	0.0717308494461	-0.0507846168821	-0.00251266082576	0.0375381764161	-0.00161323876783	0.0380080156709	0.0137317646395	-0.0506080185049	-0.0272430223933	0.0130594835001	-0.0280646771903	0.00415238778554	0.0133679184793	0.0372202910801	0.0086002642603	-0.0118618520603	0.00867099941995	-0.0251102298104	0.000401680712077	0.0189169084422	0.00790504992549	-0.021276490015	-0.0195484861327	0.00231570891718	0.00949823807083	-0.000474326232198	-0.00548668896948	0.00169215170637	-0.00792956121079	0.00523825910632	-0.00557707921254	-0.00252171238072	0.00426363499406	0.00333380971475	-0.000554807456972	-0.0062084170067	-0.00144998916823	-0.00766291789595	-0.00811010438232	-0.00467520410803	0.00746436095911	-7.44068026476e-05	-0.00135612409312	-0.000770855247818	0.000185804412664	0.0	0.0	0.0	0.0	0.0	0.0	0.0	0.0	0.0	0.0	0.0	0.0	0.0	0.0	0.0	0.0	0.0	0.0	0.0	0.0	0.0	0.0	0.0	0.0	0.0	0.0
Plate3-B4	-0.0600190691821	0.0478832575416	0.0207515738097	-0.0667491707956	-0.00306719147221	0.118434156969	-0.0464214853623	-0.0399651647166	0.00237550755253	0.0756334588555	0.00962934367662	-0.0220205328349	0.00937493026633	-0.00630261858033	0.0419514416705	0.0386165673047	-0.0170383073402	-0.0164455205972	-0.018498009692	-0.00445207031322	0.0328684013456	0.00123514626116	-0.0151217057911	-0.00242678964427	0.00805631180415	-0.00580085626513	0.0204219333722	-0.0109934857535	0.00983085022738	-0.00898720743729	0.00399771265066	-0.00357023959014	0.00745968247981	-0.00840939946051	-0.0095881960765	0.00297837286427	-0.00610833171117	-0.00550375640197	0.00559501462498	0.000970351687287	-0.00240430258129	-0.00639581164608	0.00366786804564	-0.00742541518179	-0.00704453998223	0.00331071323941	0.00259807353544	-0.000742480435799	0.00281686014883	-0.000855046681799	0.0	0.0	0.0	0.0	0.0	0.0	0.0	0.0	0.0	0.0	0.0	0.0	0.0	0.0	0.0	0.0	0.0	0.0	0.0	0.0	0.0	0.0	0.0	0.0	0.0	0.0
Plate3-D7	-0.0456646720507	0.0593130284803	0.0491473207118	-0.123156778266	-0.00751618999721	0.103248967223	-0.0181307377256	-0.0547770891563	0.0150086632447	0.00396901611611	0.0463284355343	-0.00971806641395	-0.0293445135144	0.0108582179219	0.0156431456952	-0.00584803835709	-0.00260449883982	-0.0198624154389	-0.0127608920236	-0.0338343731816	-0.0128396306017	-0.0142686323173	-0.00877780665471	0.0147860865364	-0.0296873914026	-0.00781345300659	-0.00472993518665	0.00598151610721	0.0160345208104	0.00312116248767	-0.0216520404345	-0.00429550259065	0.00721136468476	0.0215316571506	-0.00793218959874	0.00399406250854	0.00811155452831	-0.000408458043131	-0.0148424960428	0.003218152317	0.00115886590987	0.00136231337626	-0.000733246293518	0.00928929749303	0.00588364585939	-0.00279492502076	-0.00347802254188	0.00317591870644	0.00182223290378	0.000916812281413	0.0	0.0	0.0	0.0	0.0	0.0	0.0	0.0	0.0	0.0	0.0	0.0	0.0	0.0	0.0	0.0	0.0	0.0	0.0	0.0	0.0	0.0	0.0	0.0	0.0	0.0
Plate3-C4	-0.184896111963	0.0788078039561	0.0199753531145	-0.0985747803135	-0.129072538683	0.0997219355642	-0.00383403076437	-0.0779090014731	0.0164934790835	-0.0192213117315	0.0299077773184	-0.0211584153635	0.0455059375836	0.0261495811365	-0.0632056631532	0.0169003036745	0.0228445584562	0.0105574538618	-0.0152005594412	0.0220681974069	-0.010057929428	0.00568524346933	-0.00254633154357	0.000777695743758	-0.0153910040876	-0.00835028287226	-0.00965879125725	0.00417518519936	-0.00800167685266	0.00747209669815	0.00519230081439	0.00389970593577	-0.0207395636488	-0.0116789761222	0.00121488363631	-0.00346690098898	-0.00702683521348	0.00102383208759	0.00462416720908	-0.00321744681457	0.00296122985102	-0.000945451901992	0.00306954879482	0.00225912937821	-0.000143861705562	-0.0026839158343	-0.000391306666198	-0.000859156552816	0.000923645216663	-0.000303499995782	0.0	0.0	0.0	0.0	0.0	0.0	0.0	0.0	0.0	0.0	0.0	0.0	0.0	0.0	0.0	0.0	0.0	0.0	0.0	0.0	0.0	0.0	0.0	0.0	0.0	0.0
Plate3-H7	-0.469073964261	0.142982342737	0.00545135571278	0.0671348047014	0.105283899782	0.00628429837099	-0.0212796095307	0.032555852385	-0.0143118756551	-0.00370120300494	0.0171810245241	-0.0271061271562	-0.0226340439051	0.00614497100746	-0.0116407135656	-0.0115093030435	0.0117609099172	0.0065879240527	-0.0158994834976	-0.0086669934771	-0.00656164720584	0.0129943387311	0.0121728762065	0.0157827744519	0.0138954348308	-0.00438542481987	-0.0112742362715	-0.00910032561446	0.00221419661604	0.00214423580213	-0.00551927428052	-0.00380236703337	0.0027899243954	-0.0138881043228	-0.0022797690963	0.00280505275506	0.00084714044754	-0.0089959649928	-0.00182754361723	-0.00684806172739	0.000621554837665	-0.00726443783434	-0.000685423920565	-0.0081620346081	0.00427912279959	0.0108566273966	-0.0157866547447	-0.00355783728122	-0.012518852828	0.000474584133424	0.0	0.0	0.0	0.0	0.0	0.0	0.0	0.0	0.0	0.0	0.0	0.0	0.0	0.0	0.0	0.0	0.0	0.0	0.0	0.0	0.0	0.0	0.0	0.0	0.0	0.0
Plate4-E1	-0.481495039033	-0.205060089194	-0.0842913047875	-0.108475395156	-0.0310049862709	-0.0423726998655	0.00507404061967	0.0388594562093	0.00461511744061	0.00365647098309	0.0263622149513	-0.0393186128465	0.000308800950713	0.0276269049336	0.0189577779835	0.00415367588093	-0.0160642956872	0.00497342139238	0.0168479590452	0.00152126925772	-0.00748793511933	0.00677239855225	0.00233398729032	0.0123438076623	0.0164240789841	0.00454768467117	0.0159292967543	-0.00886362016856	0.000453863792912	-0.00674606652796	-0.0115393606855	-0.00758444931081	-0.0230392605514	-0.000728140100082	0.0053500124958	0.00200560919421	-0.00581925271942	-0.00937863982684	-0.00246098322939	0.0124673175202	0.000380851563898	-0.00484826107749	0.00702621079509	-0.00237307822293	-0.002775884309	-0.00089209620827	-0.00574764720756	0.00256628620605	0.00392782859499	8.48056498975e-05	0.0	0.0	0.0	0.0	0.0	0.0	0.0	0.0	0.0	0.0	0.0	0.0	0.0	0.0	0.0	0.0	0.0	0.0	0.0	0.0	0.0	0.0	0.0	0.0	0.0	0.0
Plate3-E1	-0.328769870651	0.127646393404	-0.0557705284244	-0.0526389090691	-0.0296176008397	-0.0762605173543	-0.0166585624397	0.0361020536015	-0.0858510649971	0.0111051990115	0.0954005207356	0.0305368926412	-0.0257269554727	-0.0106440219258	0.0236434682757	-0.0142148362348	-0.0168754900577	0.0137510814022	0.00844700639098	0.0389904556033	0.0289407362445	-0.00331279509701	-0.0192327824874	-0.00800841190686	-0.0225005162269	0.0224668870265	-0.0003352843957	0.000721572620747	-0.00929244177697	0.0075927362402	0.00560725221847	-0.00692016482426	-0.00361711588732	0.00248265825754	-0.00203233924915	-0.00156079280665	-0.00488462892121	0.00241026306567	-0.00347958590564	0.00355601529889	0.00686786701962	-0.0067037392804	0.00333046834712	0.00254464805686	-0.00130395745114	-0.00418047535542	0.00252452085976	0.00348554769055	0.00246919593595	0.000290275676266	0.0	0.0	0.0	0.0	0.0	0.0	0.0	0.0	0.0	0.0	0.0	0.0	0.0	0.0	0.0	0.0	0.0	0.0	0.0	0.0	0.0	0.0	0.0	0.0	0.0	0.0
Plate3-F4	-0.493077835938	0.184720413217	-0.0460239038738	-0.159474333851	-0.226724356474	-0.0972373997942	-0.0229877191506	-0.0380080319502	-0.030671338883	-0.0678919194849	-0.0249369163424	0.000100157838308	0.00746099021659	0.0427195598449	0.0475500085178	0.0119071566446	-0.013045999751	-0.0166491360828	-0.00185070697696	-0.0191072321675	0.0136100043839	-0.00662773491056	0.00701415770297	-0.0218096519077	0.0310383605819	-0.0188839848509	-0.00797800095658	0.0162960723323	0.00949676859121	-0.0121421097747	-0.00508243734829	0.00942751339162	0.0126225625565	0.00161039977391	0.00619125260556	0.00415981022475	0.0030709917483	0.00358401684786	-0.0015650682362	-0.00174406223364	-0.00117057811499	0.00435802627956	-0.00220927277005	-0.00685338623113	0.00167252749398	0.00315120991245	0.00138240949044	-0.00280585011585	-0.00185547471451	-0.000291377996062	0.0	0.0	0.0	0.0	0.0	0.0	0.0	0.0	0.0	0.0	0.0	0.0	0.0	0.0	0.0	0.0	0.0	0.0	0.0	0.0	0.0	0.0	0.0	0.0	0.0	0.0
Plate3-G7	-0.503134597435	0.182607780424	0.0274984019881	0.0927137228064	-0.00633839269517	0.0306424712054	0.0969784371669	-0.0264322563533	0.0172275077261	-0.00546007160643	-0.00888627101313	-0.026115988017	0.0144607415478	0.0229615011235	-0.0200374525678	-0.022369072505	0.0268179914586	0.00510852642908	-0.00196239760711	-0.00619432622674	-0.0548122777604	-0.014358255133	-0.0170469957925	0.00620837229481	-0.00802883425292	-0.00131086250435	-0.0131874121589	-0.00864530086708	0.00553487932114	-0.00593664160235	-0.00984136179905	0.00202848072576	0.00583924899044	-0.00516565983744	0.00366274461924	-0.0117159606124	0.00166337483053	0.00553385724491	0.00252469499228	0.00600710033341	-0.00137690224239	0.00178266423993	0.00209013024468	0.00155931253068	0.00199232881433	-0.000734099957048	0.00655134238738	-0.00238691643744	0.000437595165411	0.00013729263958	0.0	0.0	0.0	0.0	0.0	0.0	0.0	0.0	0.0	0.0	0.0	0.0	0.0	0.0	0.0	0.0	0.0	0.0	0.0	0.0	0.0	0.0	0.0	0.0	0.0	0.0
Plate3-F7	-0.473712388615	0.13875844703	-0.00599840273886	-0.027946992363	-0.0965105966556	-0.0443439063996	-0.0417167971467	-0.0107604256953	0.0305047619174	0.00678649313005	-0.0476238054274	-0.036200409965	0.0215668588138	-0.026204238222	-0.0232779843083	-0.0522815093819	0.00450074746513	0.0312460293322	-0.0539525159491	-0.00890632460031	-0.00175034659923	0.0272510137449	0.0294469222889	0.00391986390682	-0.0240516783456	0.0121346508868	0.025252040722	-0.00469895516773	-0.0169810892634	0.00052192751161	-0.000812174030863	-0.00169045287154	0.00626148451971	0.00531476528266	-0.0078631531595	0.0124119629008	0.00018646263252	-0.000526815326617	0.00270638963799	-0.00290259927265	0.00102263662238	-0.00356512842036	-0.00275492018693	0.000891313067189	0.000820027775909	0.000352387441083	-0.000830074923741	0.00540074617826	0.00199050145787	0.000253762590434	0.0	0.0	0.0	0.0	0.0	0.0	0.0	0.0	0.0	0.0	0.0	0.0	0.0	0.0	0.0	0.0	0.0	0.0	0.0	0.0	0.0	0.0	0.0	0.0	0.0	0.0
Plate3-E4	-0.451549497168	0.131658179281	-0.00288267420451	0.0366039999689	0.0720960348394	-0.00887217920279	-0.0508005227695	0.0226163952577	-0.00279883316306	0.00720527234407	0.011456682232	-0.0171294600665	-0.0176854843104	-0.0144089209065	-0.0106888706701	-0.0201162415917	0.00246181251708	0.0137611026963	-0.00988766116561	0.00354259041676	0.00772515318444	0.0120465802842	-0.00503808193521	0.0219209683006	0.0137716877052	0.0102846438579	4.43272072231e-05	-0.00606191199983	-0.0139773392478	0.0101329918334	0.0109663114475	-0.00120936936231	-0.00222320099805	0.00825073495754	-0.00103861013531	-0.00666322914674	-0.000708945868739	0.00192705903656	0.00341727556034	0.00620271336345	-0.00239704009175	0.00943109420407	0.0106910181389	-0.00218800804778	-0.00376063572514	-0.0109804341587	0.0120997161349	0.000588188843108	0.00104193333154	0.000856338496312	0.0	0.0	0.0	0.0	0.0	0.0	0.0	0.0	0.0	0.0	0.0	0.0	0.0	0.0	0.0	0.0	0.0	0.0	0.0	0.0	0.0	0.0	0.0	0.0	0.0	0.0
Plate3-H4	-0.500070215947	0.160290502204	3.51571458518e-05	0.0401182195836	-0.072461918089	-0.0546742848656	0.0395020422748	-0.03868329882	0.0597051413199	0.0410692763359	-0.0619731582726	0.0360179380476	-0.0341696169975	-0.0628539470213	-0.0159797190667	0.0451801808671	-0.0202877301626	-0.0577579714792	0.0501618798249	0.0270024568164	-0.00294540709447	-0.0201289366795	-0.0332480949768	0.019899456676	-0.000834977119279	-0.00301601428922	0.0006634990599	0.00574807693366	0.00259443137052	0.0103301643098	-2.34042060063e-05	-0.00520578595435	-0.0129108375139	0.00875070515216	0.000891819493347	-0.0033213835835	0.00621900330977	-0.00844472198069	-0.0006688051189	-0.00309831812755	0.00168622715862	0.00086404944348	-0.000575701737824	0.00558427183136	-0.00263256882529	-0.00250902995261	-0.00326196144484	-0.000770592223546	-0.00118015717772	-0.000602278544753	0.0	0.0	0.0	0.0	0.0	0.0	0.0	0.0	0.0	0.0	0.0	0.0	0.0	0.0	0.0	0.0	0.0	0.0	0.0	0.0	0.0	0.0	0.0	0.0	0.0	0.0
Plate4-D1	-0.501653812646	-0.151113694083	-0.0485718009551	0.0142293183415	0.030859753192	-0.00703597944094	-0.03825149104	-0.0146874543173	-0.000190459479816	-0.0149693653225	-0.0204106855379	0.030683655882	-0.00562260561951	-0.031430161794	-0.0181467338593	0.00122856652426	-0.00368983184035	0.0159328053788	-0.00186166483082	-0.0137557113428	0.00413800743655	-0.0146596172233	-0.00996973556585	0.00155980842912	0.00175397348065	-0.00735108417637	0.00189822271261	-0.0023565037824	0.0118175032706	-0.0047672844645	-0.00816955251358	0.00822900562854	-0.0027673665742	-0.0058821952968	0.00581570936024	0.012179259335	0.0015408477199	-0.0036212018121	0.00181352635513	-0.00669878993106	0.0157779228878	-0.00484523161129	0.00769058023749	-0.00952359850322	0.00673593300923	-0.00875409771511	-0.00257761273191	0.00933246145843	-0.00261248273754	-0.00181195237974	0.0	0.0	0.0	0.0	0.0	0.0	0.0	0.0	0.0	0.0	0.0	0.0	0.0	0.0	0.0	0.0	0.0	0.0	0.0	0.0	0.0	0.0	0.0	0.0	0.0	0.0
Plate3-D10	-0.502249456609	-0.118148205622	-0.0324441042621	0.0419711795463	0.0474412480351	0.000225849174955	-0.0135229979531	-0.038970204524	-0.0127984467237	-0.0288984751718	-0.0301066796966	0.0207955164235	0.00642346530518	-0.00232678848798	-0.0101812411081	-0.00342191373133	-0.00519841265404	-0.00723018594306	0.0113322038287	0.00560972084555	0.00743160459926	-0.00627042684049	0.00840620236645	0.0298276495585	0.00254511612899	-0.00172040109759	0.0106494299453	-0.00711657412802	-0.0135205377651	-0.0231023694862	-0.00895961813901	-0.00670500665031	-0.00309960639148	0.00369986241118	0.011399330243	0.00308987309278	-0.00649834254133	0.00104092016583	-0.00326894091609	0.00244396732032	-0.00278242766712	0.00382161959839	-0.00513824643968	-0.0061969457584	-0.00868373612092	0.0095829215201	0.00133775557583	0.0040355980873	0.00423559778984	0.00255104399356	0.0	0.0	0.0	0.0	0.0	0.0	0.0	0.0	0.0	0.0	0.0	0.0	0.0	0.0	0.0	0.0	0.0	0.0	0.0	0.0	0.0	0.0	0.0	0.0	0.0	0.0
Plate3-E7	-0.456583186468	0.151804167289	0.0134984249188	0.0701768006105	0.109370390038	0.0224644370115	-0.0100862030333	0.0260166136826	-0.0239691513738	0.00204670044177	0.0286968110257	-0.0134801478252	-0.00850475372956	0.0172705926913	0.0115417799182	0.00816477165257	0.0133447868259	0.00231800651303	-0.00358576999467	-0.0184550814741	-0.00335792861702	-0.00819279376355	0.0140184264306	-0.0150248438543	0.00679434816337	-0.00357928220342	-0.0108549426581	0.00592336610468	0.018888984417	-0.00937607467266	-0.00319680702625	0.000856814036612	-0.00485914675938	-0.00352033801816	0.00987566397433	-0.000216009889894	0.000355238621256	0.00319725292255	-0.00783407795276	-0.000346852663483	0.00507980138956	0.00111895878914	-0.0107756178089	0.00509439129402	-0.00763990193056	0.00363702017244	0.00297338143931	-0.000420539546206	0.0113331241585	-0.0021125195434	0.0	0.0	0.0	0.0	0.0	0.0	0.0	0.0	0.0	0.0	0.0	0.0	0.0	0.0	0.0	0.0	0.0	0.0	0.0	0.0	0.0	0.0	0.0	0.0	0.0	0.0
Plate4-G1	-0.501706565783	-0.188827397647	-0.0549320453366	-0.0231858148676	0.0191611330618	-0.0245019920683	0.000577470342743	0.022338946328	0.0278934486299	0.0218783897634	0.00517339484456	-0.0248511712657	-0.0106233836552	-0.0167522831563	-0.0159625608738	0.0114127205666	0.0156738504151	-0.00487164737836	0.00783732696075	-0.00953159203843	-0.0091455450495	-0.00301179484227	-0.00102442228941	-0.0081010932635	0.00207050680375	0.0011942632552	0.00679804913114	0.00317535392084	0.0088373310285	0.0104140423591	-0.000507265744748	0.030390302138	-0.00193488622329	0.0107981169716	-0.00660243573504	0.0167188790975	0.0073866215001	0.00415296880476	0.00536333994118	-0.00938965770462	-0.00337225808438	0.00918927270645	-0.00680180530591	0.00201799295197	-0.00199915031095	-0.00248929057514	0.00573976004045	-0.00130727430929	-0.000853923412661	0.00030408552853	0.0	0.0	0.0	0.0	0.0	0.0	0.0	0.0	0.0	0.0	0.0	0.0	0.0	0.0	0.0	0.0	0.0	0.0	0.0	0.0	0.0	0.0	0.0	0.0	0.0	0.0
Plate4-F1	-0.490001447482	-0.192250006953	-0.0687679524167	-0.0480507403252	-0.00325795446391	-0.0423872327484	0.0147044946132	0.0267253647173	0.0284300507121	0.0223468376855	-0.0024127726376	-0.0294053096698	-0.00474897131144	0.011194902506	-0.0107695341512	-0.000757534352654	0.000788017908666	-0.00913719556024	0.0109033289551	0.0147487036216	0.0119792339608	0.00229157305187	0.00914945694863	3.28720318752e-05	-0.0133102096837	-0.00896003865367	-0.00348336672335	0.0156787560275	-0.0119917395345	0.00727530759341	0.00143703235885	-0.0108899005886	0.0235721318032	-0.00706703494314	0.00571560738908	-0.00907551449943	-0.00532316606012	0.0090886303991	-0.00568800296355	-0.0125401182727	0.00171330132913	-0.00594505949516	0.00575707314447	0.00304097862515	0.00652695865399	0.00738647645825	0.000806005819223	-0.00185007643763	-0.00262585935371	0.000176013925148	0.0	0.0	0.0	0.0	0.0	0.0	0.0	0.0	0.0	0.0	0.0	0.0	0.0	0.0	0.0	0.0	0.0	0.0	0.0	0.0	0.0	0.0	0.0	0.0	0.0	0.0
Plate3-G10	-0.508069299485	-0.0833992605436	-0.024147585542	0.0478508020276	0.0628871111364	0.0137794741344	-0.0302770603545	-0.0334300341344	-0.0149213221133	-0.0290433700049	-0.0176673855575	0.0203407328869	0.00556769667123	-0.00567018499143	0.00276786884023	0.0063220512191	-0.0125387882595	-0.0113236225388	-0.00576226497758	0.0174001606502	-0.0281378819652	0.028578839482	0.0143640649696	-0.00909505934945	0.0163924812238	0.0227698081255	0.0126615324456	0.0127955897185	-0.00638320397243	0.00334333153526	0.0100306829327	-0.00918484438634	-0.0052642292526	0.00646976258794	-0.0154236561923	-0.00993851635587	0.0011910666109	6.59606016289e-05	-0.000483810884418	-0.000514144897378	-0.0120867057921	-0.00804662401356	0.00828327464302	0.00951252609198	0.00811036321483	-0.00242165448029	0.000185366675024	-0.00578695192262	-0.00272994934076	-4.94875632144e-05	0.0	0.0	0.0	0.0	0.0	0.0	0.0	0.0	0.0	0.0	0.0	0.0	0.0	0.0	0.0	0.0	0.0	0.0	0.0	0.0	0.0	0.0	0.0	0.0	0.0	0.0
Plate3-F10	-0.496684217403	-0.0535741975815	-0.0020900800408	0.12063425632	0.074254562609	0.0487369378155	0.0830006294867	-0.0360264307595	-0.0116671213388	-0.0351809395748	0.031404832096	0.0142783336363	0.0208071210215	0.0328996893237	0.0230798848893	-0.013013396974	-0.00706951333013	-0.00341262912806	0.00247208529763	0.0157592776015	-0.0234530867571	-0.00309205414848	-0.0279964116927	-0.0183865183042	0.000301174692149	-0.00457408960632	-0.0238959675391	0.00537694486053	-0.00359255770392	0.00861472768089	8.17473700857e-05	0.00461022819477	0.00375650712215	-0.00186294917779	0.00253249201223	-0.00221253095695	-0.000646512248421	0.00406917922221	0.00562080962751	0.000439235447312	0.00507078436287	0.00470756443618	-0.00292117678947	-0.00354044707569	-0.000747521653655	0.00133676078684	0.0024872178558	0.000784412343335	-0.00023887158991	-0.000468430937087	0.0	0.0	0.0	0.0	0.0	0.0	0.0	0.0	0.0	0.0	0.0	0.0	0.0	0.0	0.0	0.0	0.0	0.0	0.0	0.0	0.0	0.0	0.0	0.0	0.0	0.0
Plate3-E10	-0.492558557807	-0.19018617916	-0.0699057542433	-0.0432216781562	-0.00446753647793	-0.0228844698967	-0.0357724881352	0.0110881010954	0.00791240424513	-7.16525932917e-05	-0.0150738563299	0.0350462408914	0.00187231466254	-0.0181482507466	-0.00389230915242	-0.0131180860103	0.000431626738161	0.0207896098185	-0.0326392407283	-0.00380273260311	0.0268090846103	-0.000110537512635	0.00126672062077	-0.0115047037096	-0.0246647682178	-0.0023237380395	-0.0160368843907	-0.0169339148055	0.00982173654853	0.00587795435217	0.0140771709854	-0.00905196631697	0.00338311480886	-0.00366943764	-0.012147185409	-0.0166543676833	0.00505289810965	-0.00420342518043	0.00146959741427	0.013040876891	-0.00601597692598	0.00500013675076	-0.0120356463159	0.00900686385188	-0.00450866932741	-0.00248533732838	-0.00207926484633	-0.0083585521081	0.000408661993936	-0.000612003972736	0.0	0.0	0.0	0.0	0.0	0.0	0.0	0.0	0.0	0.0	0.0	0.0	0.0	0.0	0.0	0.0	0.0	0.0	0.0	0.0	0.0	0.0	0.0	0.0	0.0	0.0
Plate3-G4	-0.456859468733	0.167436206916	0.0306219263939	0.138639872666	0.102610714359	0.026196367866	0.0830936559851	0.0222089883758	-0.00651398398653	0.0161104726029	0.0287122913546	0.0130548268058	0.0111704096226	0.021020701277	0.0272156093137	0.0434975132717	-0.0158882306754	0.00980837108309	0.00286113855686	-0.0185596759542	0.0434415335178	-0.0109527817477	0.0289061704718	-0.0201405706199	-0.00691922657637	-0.0069676243531	0.0290694946346	0.00593511191063	0.00341203912973	-0.00982768575628	0.00741281045888	0.000272126926474	0.00549319658636	0.00255336317702	-0.00222516642402	0.0114763641235	0.000606561492356	-0.00226133702494	0.000643071283227	-6.93962139786e-05	-0.00149803185116	-0.00174021662259	0.00144124307754	-0.000507348320756	0.00426461021744	-0.00218774995291	-0.00249678639429	0.00163296212424	-0.000638096036673	0.000811920843235	0.0	0.0	0.0	0.0	0.0	0.0	0.0	0.0	0.0	0.0	0.0	0.0	0.0	0.0	0.0	0.0	0.0	0.0	0.0	0.0	0.0	0.0	0.0	0.0	0.0	0.0
Plate3-A5	0.194194041993	0.0428707401786	0.150319807215	0.0303801437689	0.0239021945042	-0.107674493278	-0.0153330505861	-0.0379876486881	0.0177683387198	-0.0129612608771	0.0264803758804	-0.0254029319994	0.0239541160994	0.0115222249496	-0.00660346559995	0.0224270609734	0.00240636797728	0.012762341427	0.00941656329286	-0.00598113377338	0.00574415056392	0.0254367865988	-0.0275323597111	0.0193875475284	-0.0207052990229	0.0347515304914	-0.0265124293587	-0.00242892765661	0.00488679291178	-0.0337215834291	0.010541805599	0.010351841126	0.00126177010218	0.00646222769032	-0.0103307828676	0.012049914298	0.0102220704655	0.00324330922525	0.00866624617154	0.00579973716014	0.00092828983828	0.0114154810005	-0.00537426294898	-0.0039302816969	-0.000623690975513	-0.000363167211425	-0.00581125439229	0.0154996994152	-0.0029540449596	-0.00121677513508	0.0	0.0	0.0	0.0	0.0	0.0	0.0	0.0	0.0	0.0	0.0	0.0	0.0	0.0	0.0	0.0	0.0	0.0	0.0	0.0	0.0	0.0	0.0	0.0	0.0	0.0
Plate3-C7	0.00307739625746	0.0665164544566	0.0896523327102	-0.103926350716	-0.0102408254177	0.0637638176029	-0.0126983559006	0.0623725010129	-0.00654174897914	-0.0179958416113	-0.0306650381528	0.0195375195669	0.0487365677295	0.0236864015938	0.009717047387	0.00306081811052	-0.0132859214366	0.0390838878051	0.0368160210078	-0.0141867702332	-0.0304045160593	-0.0223053541569	0.013833761684	-0.00801851565582	-0.00161512662101	0.0149318856095	0.0321864480388	0.000212072201655	0.0124821635449	-0.00382184868438	0.00766435952521	0.00889694595026	0.00956319152299	-0.000240036111872	0.0164337448283	-0.0122161516262	0.0106305264158	0.00552489733898	0.00726341185833	-0.00291810245849	0.000721683695509	0.0125845191417	0.00772701707952	0.00659094504052	0.00198951125987	-0.00241915018699	0.00195194402726	0.00256382416296	-0.000889998483147	0.000323305997995	0.0	0.0	0.0	0.0	0.0	0.0	0.0	0.0	0.0	0.0	0.0	0.0	0.0	0.0	0.0	0.0	0.0	0.0	0.0	0.0	0.0	0.0	0.0	0.0	0.0	0.0
Plate3-B10	0.0639019561026	0.057751769524	0.0958004668056	-0.132078586115	0.0553834589598	0.00472459797259	-0.00350174072746	0.0285006295533	0.00776839587505	0.0286577816313	0.0264007672543	0.075224918484	0.01347779057	0.0207443973508	-0.0123536971989	0.0202182228611	0.0155001574563	0.00798173085881	-0.0234667199335	-0.0102548812577	-0.0204875290078	-0.00490796769863	-0.0214646588165	0.0142680001084	0.0329790753982	-0.0118190998348	0.00272279147944	-0.0138488874734	-0.00682569553571	0.00861310525457	0.00908991403805	0.0194134354704	0.00884277599199	0.000137367437856	-0.00654664843237	0.0179805356326	-0.00676203978476	0.00234173897255	0.00132312944776	0.0103540128609	8.9688082225e-05	-0.00659336020643	-0.00104492583432	0.00077928664082	0.00680415142872	-0.00351606991833	-0.00432326128656	-0.00586169737875	-0.00174486132831	-0.00112442841467	0.0	0.0	0.0	0.0	0.0	0.0	0.0	0.0	0.0	0.0	0.0	0.0	0.0	0.0	0.0	0.0	0.0	0.0	0.0	0.0	0.0	0.0	0.0	0.0	0.0	0.0
Plate3-E5	0.172510663978	0.0369319732645	0.148985987713	0.0333200632707	-0.0165710776032	-0.0590426552274	-0.00735911797187	-0.0121369976092	-0.0197552981384	-0.00610509098721	0.039621939573	0.00944999371124	0.00927119037419	-0.0176583276427	-0.0018458127227	-0.00136483635502	0.0268549838214	-0.0323977135483	0.00370523875113	-0.0135283472278	-0.00632626263291	0.0233121107139	-0.0152251570426	-0.022694440837	-0.00969530358189	-0.000709381368525	0.0489506903132	-0.0391445367408	-0.0246918192691	-0.00226654456879	-0.00790445480882	-0.00284751397627	-0.0111022768581	-0.00405634121996	0.00990866782072	-0.00146674353892	0.0185669170688	0.0133598037436	-0.00798980126329	-0.00310845400962	0.000159198973039	0.000307993827564	-0.00585519575683	-0.00930242140379	0.000885506756918	0.00583290282519	0.0115301868919	-0.00710510411883	-0.0048722325974	-0.000834225159565	0.0	0.0	0.0	0.0	0.0	0.0	0.0	0.0	0.0	0.0	0.0	0.0	0.0	0.0	0.0	0.0	0.0	0.0	0.0	0.0	0.0	0.0	0.0	0.0	0.0	0.0
Plate4-B1	0.18920877254	0.0739072554156	-0.0200475297869	-0.124543995565	0.115721736904	-0.0335350094859	0.0427621100898	-0.0893665770606	-0.00291505166332	0.0361712312464	-0.0416446165451	0.0118608742227	0.0434693638009	0.0223601425447	0.0377216235831	0.00507261081308	0.0296003196512	0.0249508963718	0.0315636713012	0.00145023549988	0.0261128213394	0.0239981194	0.00886046919042	0.0207946093496	-0.0125209454108	0.0219570964469	-0.00745544226362	-0.00758786729869	0.00452816003766	0.0165024349098	0.0126405377582	-0.0172635897112	-0.000825818935097	0.00585773076354	0.00941916180681	-0.00194809982328	-0.000871015610338	-0.00682002243387	0.00504289726167	-0.00185051028743	0.0038069864065	-0.000223769237807	-0.0040452041708	-0.00278537942918	0.00586578684133	0.00110947392191	0.00558827504482	-0.00307501980549	0.00178532118667	0.000902611232637	0.0	0.0	0.0	0.0	0.0	0.0	0.0	0.0	0.0	0.0	0.0	0.0	0.0	0.0	0.0	0.0	0.0	0.0	0.0	0.0	0.0	0.0	0.0	0.0	0.0	0.0
Plate3-E3	0.234836447629	0.0787625949245	-0.107532396136	-0.0231701027773	0.0548247014477	-0.0065798640867	-0.039224473391	-0.00741278412867	-0.0134439188789	-0.00311485753578	-0.018487597436	-0.0310908276075	-0.0639635381351	-0.00453868209382	0.00376348584859	0.0195709203819	0.0105078285745	0.0289734876243	0.00021798130198	-0.0264928647192	-0.0250760754913	-0.001140333915	-0.0214790794739	-0.0245129865966	-0.00988208950851	-0.0184581292955	0.00819888458975	0.00419704022447	-0.0179876937825	-0.00988736678646	0.0185152893071	-0.0058487861607	-0.026048394307	0.00783567036821	-0.0069494733624	0.00465373480148	-0.0052181368298	0.0133769295764	0.0191828763736	-0.00221553652834	0.00216313242283	0.00228649873869	0.000605879775946	9.1791040255e-05	-0.000591379385448	-0.00496936308805	-0.00688346899003	-0.00777931767322	0.00705525321938	0.000166042667259	0.0	0.0	0.0	0.0	0.0	0.0	0.0	0.0	0.0	0.0	0.0	0.0	0.0	0.0	0.0	0.0	0.0	0.0	0.0	0.0	0.0	0.0	0.0	0.0	0.0	0.0
Plate3-B5	0.18788522095	0.0419656622474	0.168928969747	0.0244504805209	0.025573616874	-0.084816372319	-0.0507356032547	-0.0193453824403	0.0184756806259	0.00648041390618	0.00624285150362	-0.00967454162409	0.0225974216196	0.0228109043691	-0.0170050523603	-0.0235421983359	-0.0279769069716	0.0212997169147	0.0370343206599	0.0159730929252	-0.0106131317107	-0.0258549050698	0.00560473804573	-0.014244125075	0.0135221544574	-0.00267702884746	-0.00838411682795	0.00287665931786	-0.00502073549472	0.00119368346769	0.0110301602648	0.00921346049809	-0.00260033051923	-0.000785323670209	-0.0207748594796	0.00102926123969	0.011352962197	-0.00460953892266	-0.00764295686313	-0.00970884973624	0.00371956305462	-0.0111995983045	-0.0135075063958	0.00591504862774	0.00674976165744	0.00630548940821	-0.00344718334783	-0.00501569806428	0.00678944511359	0.00223346831561	0.0	0.0	0.0	0.0	0.0	0.0	0.0	0.0	0.0	0.0	0.0	0.0	0.0	0.0	0.0	0.0	0.0	0.0	0.0	0.0	0.0	0.0	0.0	0.0	0.0	0.0
Plate3-G11	0.122952559207	-0.186416106593	-0.0165230959115	-0.00762295213626	0.0333499055022	0.0185812970485	-0.0440971927348	-0.0361822638441	-0.023685465931	-0.0133749418621	-0.0469377449277	0.00752401648409	-0.0167541618537	0.00816556544404	0.00972085755374	0.033078486072	0.0163359120077	0.00758552380939	-0.0067511947517	0.00517266915105	0.00186001964264	-0.0284279773293	0.00692218110471	-0.0216028529768	-0.0212860755974	0.0271886415498	-0.0244325993092	-0.00997825049745	-0.0277500940525	-0.0135373441648	-0.019946070266	0.00520291509167	-0.00937959501219	-0.0189846461165	0.030211416157	0.00827357713907	-0.0120327802659	0.0114867878492	-0.00767039077599	-0.0032896521339	0.00561271075106	-0.00991021477147	-2.99717556887e-05	0.00356830869475	0.00131119410877	-0.00878725082576	-0.00286407216559	-0.00278558022124	1.18573097868e-05	0.00108373078312	0.0	0.0	0.0	0.0	0.0	0.0	0.0	0.0	0.0	0.0	0.0	0.0	0.0	0.0	0.0	0.0	0.0	0.0	0.0	0.0	0.0	0.0	0.0	0.0	0.0	0.0
Plate3-H3	0.175204375942	0.0821835396156	-0.121909415281	0.0477886696914	-0.0290402659431	-0.0161601844217	0.0150275980052	0.0171334059629	-0.0418073368021	0.00983812096892	-0.0227851805443	-0.0229569784638	0.0313111745335	0.00154673654398	0.0011487667169	0.0208194845417	-0.0350815805842	0.024026300056	-0.0103788397971	0.00520400094636	0.00693518440356	-0.0133895084976	-0.00332409902154	-0.00837260562694	0.0112370511589	-0.0324201574523	-0.0195985272869	-0.0114744555094	-0.0156925391721	0.0322100083415	0.024899336052	0.0129351632406	-0.0195656758549	-0.00533888791387	-0.00568482848264	0.00947055636677	-0.00229163775236	0.00740128015932	-0.00781483257783	0.000713959455137	-0.000977573997839	0.0117852570844	0.00329204265992	0.000765307995108	-0.01467250325	0.00584351169376	-0.000177642732791	0.00427349115822	-0.00389574411499	0.00139441546315	0.0	0.0	0.0	0.0	0.0	0.0	0.0	0.0	0.0	0.0	0.0	0.0	0.0	0.0	0.0	0.0	0.0	0.0	0.0	0.0	0.0	0.0	0.0	0.0	0.0	0.0
Plate4-H1	0.0973355694537	-0.236749637866	-0.0834264158734	-0.0329689635434	-0.0392232981737	0.0405869832572	0.0652006745686	0.0397928060588	-0.00940880799365	0.0403220013397	-0.00159383128467	-0.0702177537429	-0.00893953619244	-0.000945669430162	0.0182525782723	-0.0297769371792	0.00857880732783	-0.0327476142985	0.00593787125481	-0.0102615383587	-0.0194972192545	0.013336888822	0.00108974290481	0.0157386807085	0.0104363630904	0.000199486151275	-0.0062811390231	-0.00129833741761	-0.0230026522075	0.0143204211567	0.0259359320011	0.00273646676559	0.0219503703924	-0.00986694345397	0.0123964528201	0.00916676879119	0.0101747250428	-0.00848178418768	0.00561370224492	0.00759914227637	0.00762956599437	-0.00279304132849	-0.00674182030417	-0.00358838638904	-0.00584301043635	-0.00556095984352	-0.00069005569058	0.00146349445241	-0.000847850376029	-4.37244525548e-05	0.0	0.0	0.0	0.0	0.0	0.0	0.0	0.0	0.0	0.0	0.0	0.0	0.0	0.0	0.0	0.0	0.0	0.0	0.0	0.0	0.0	0.0	0.0	0.0	0.0	0.0
Plate3-H5	0.212926378709	0.0266612124989	0.071109060313	0.0262479092672	0.0286466335131	-0.0671724636033	-0.0164355543847	-0.0309643423001	0.0169640065559	0.0911505088869	-0.0185598487922	-0.018049040691	0.0018140886087	0.0206016600363	0.0230589476317	-0.0128731140919	-0.00752215240756	0.00551141314066	-0.0520799460277	0.0270077736891	-0.00879774422629	-0.027041583472	0.0139391608804	-0.0143790089014	0.0140185654605	0.0122428619483	-0.00631467591398	0.0112461450744	0.00291486946249	0.00359194388054	-0.0353891572206	-0.00228196083694	-0.00701994012359	0.00240588826417	0.00904236279706	-0.0115226905268	0.00628687625808	-0.00577461624009	0.00243677657126	0.00603964366831	0.0102801029246	0.00521551895042	0.00187513341785	0.000894051103113	-0.00842691053229	-0.000179128902696	-0.000507119615619	-0.00172690019605	-0.00314523142655	-0.0013743281983	0.0	0.0	0.0	0.0	0.0	0.0	0.0	0.0	0.0	0.0	0.0	0.0	0.0	0.0	0.0	0.0	0.0	0.0	0.0	0.0	0.0	0.0	0.0	0.0	0.0	0.0
Plate4-D2	0.102821216947	-0.208014580452	0.0319448723522	-0.0457724112418	0.00836335145508	-0.0492414913483	0.0340848179473	0.06054720162	0.00752169343482	-0.0242830212109	0.0231428764429	0.030659304597	-0.0229713268463	0.0042970714344	-0.00295503467975	-0.00594288248805	0.0417566725169	-0.0381339080968	0.00785808781129	0.00701144326625	-0.00213168175222	0.0165456122569	0.0250034665361	-0.00264100242357	-0.0137035144778	-0.018273161597	-0.0103449896045	0.0080152821658	0.0107217311663	-0.0153485897734	0.0184436933763	0.0117297348914	-0.0104147601577	0.0101996489545	-0.00479810896216	-0.00316916324042	-0.0112894841197	0.00619608018167	0.00287285332912	-0.00867374448824	0.00867131427329	0.0018813691674	0.00416453428554	-0.00823689222837	0.00176036450965	-0.00401194678405	-7.9887558298e-05	2.27685466335e-05	0.000644430083285	0.000953535473373	0.0	0.0	0.0	0.0	0.0	0.0	0.0	0.0	0.0	0.0	0.0	0.0	0.0	0.0	0.0	0.0	0.0	0.0	0.0	0.0	0.0	0.0	0.0	0.0	0.0	0.0
Plate3-D11	0.114328340904	-0.140830554377	0.0571819229886	0.0439094719685	-0.0301749955487	0.0518347083624	-0.0195977412035	-0.0459497680521	-0.0204553737212	-0.0245719777226	0.00915391308607	0.0014512898636	0.00749922331509	-0.0212560023269	0.0485630134019	0.00280705941978	-0.021110076056	-0.0306659504626	-0.00558312775813	0.0135184322287	-0.0368277352442	0.0177695219166	0.00677158426271	-0.0505410270149	-0.00354612158374	0.0366882906968	0.0117051683188	0.0215152641596	-0.00086505647293	0.0150011873615	0.00976836011891	0.00346625894537	0.000746002989733	0.00023919566357	-0.0208675472812	-2.13744385806e-06	-0.00601401948634	-0.00561662941526	0.00283280472461	-0.00190819169235	0.00213510568132	0.00244146796118	-0.00389091468725	-0.00133682595449	-0.00559192965998	-0.00508343262763	-0.00358556947197	0.00242949519158	-0.00606228673962	-9.6542933441e-05	0.0	0.0	0.0	0.0	0.0	0.0	0.0	0.0	0.0	0.0	0.0	0.0	0.0	0.0	0.0	0.0	0.0	0.0	0.0	0.0	0.0	0.0	0.0	0.0	0.0	0.0
Plate3-G5	0.141993356078	0.0363396097588	0.165481944142	0.0606355238127	-0.0591512890901	0.0264079569415	0.00623464348909	-0.0136435468557	-0.0050499609391	-0.0407020069955	0.023117600076	-0.0321781795628	-0.0326777984421	-0.0209426252482	-0.00387029577679	0.023197778376	-0.0139781432432	0.0207453397428	0.0134656418321	0.0174211113738	0.0213278715457	0.00404190072986	0.0352285138456	-0.00153064305367	0.0130314512614	-0.0104311113428	-0.0085813375763	-0.029252768171	-0.00934372543542	0.0173132258001	-0.0145275474987	0.0175685995002	0.0147660404862	0.0154153378193	0.000764468466961	-0.0293558878376	-0.00435791175389	0.00207315031351	6.27063785927e-05	0.0106781010407	-0.00370637857318	-0.0049291025505	-0.00663879585959	-0.00189896893524	0.0054699849583	-0.00885706180735	-0.00454678200455	0.0055427554598	0.000198561861336	0.00105765248192	0.0	0.0	0.0	0.0	0.0	0.0	0.0	0.0	0.0	0.0	0.0	0.0	0.0	0.0	0.0	0.0	0.0	0.0	0.0	0.0	0.0	0.0	0.0	0.0	0.0	0.0
Plate3-E8	0.132738553986	0.0194152919293	0.146160052929	0.0293483233527	-0.0797309411027	0.0574507241358	0.0367187066062	-0.0188155371866	0.0158610996205	-0.0301550196211	0.0348342168178	0.00401255887995	-0.0446388013568	-0.00955631921669	-0.0389535420519	0.0290629425834	0.0595716191134	0.0360995698347	-0.0191623531693	0.0420660634037	0.0257165581582	-0.0123180104318	0.00392793020674	0.00650939787535	0.0199660639863	0.0118965517808	0.0221355273678	0.0426277361906	-0.00908387869194	-0.0110751048655	0.0162696714255	-0.009749358927	0.00401589254882	-0.00405819155467	0.0116034771672	0.0154885778388	0.00686192865098	-0.0132564614701	-0.00545604227525	0.00198552298954	-0.00118377276044	0.00686863357278	-0.00450707762185	0.00124612016714	-0.0057438298098	0.00253993448206	-0.00137160896033	-0.00394171522275	-0.00113545691635	0.000576699900586	0.0	0.0	0.0	0.0	0.0	0.0	0.0	0.0	0.0	0.0	0.0	0.0	0.0	0.0	0.0	0.0	0.0	0.0	0.0	0.0	0.0	0.0	0.0	0.0	0.0	0.0
Plate4-F2	0.172021490556	-0.230495565821	-0.0120103781878	-0.0939502836157	0.0601046936751	-0.0517301272303	0.045700870218	-0.00836438910702	0.0253846147689	0.0568541589151	0.0332376463992	-0.0325747792032	0.0247882269241	0.00880689567849	-0.0223491531246	-0.00909074554128	-0.00890377528609	0.0156373346075	0.0230831365661	0.0029963276828	-0.0108307514175	0.00239876171256	0.00740630143851	0.00246755719624	0.02959782252	0.00946898306976	0.0129085286836	0.0206375555798	0.0020081565732	-0.0114328228422	-0.0148703176628	0.000620751464596	-0.00548315421856	-0.000455922330123	-0.0114083948626	-0.0035526974745	-0.0056475869445	0.00919179224373	-0.00852734047905	-0.0078839519045	-0.00162622739737	-0.00382656896261	-0.00375600103224	-0.000349847335705	-0.00179052410474	-0.00383947317609	-0.00200752741394	-0.00110977820324	0.000587441032534	-0.000849523941589	0.0	0.0	0.0	0.0	0.0	0.0	0.0	0.0	0.0	0.0	0.0	0.0	0.0	0.0	0.0	0.0	0.0	0.0	0.0	0.0	0.0	0.0	0.0	0.0	0.0	0.0
Plate3-H12	0.174001468475	0.0634112174566	0.120081644503	-0.0718520613657	0.0599394788438	0.0371501650498	0.087760576933	-0.0793711757151	-0.00734936485094	0.0336289715608	-0.0125308164382	-0.00651859601098	-0.0252496418391	-0.0485486359512	-0.0264335688834	-0.0331936979893	-0.0703700655197	-0.00911288910564	-0.000302404052616	0.016339002803	0.0147011716713	0.0252713656202	0.0221031443439	-0.0100745491189	-0.00096900622804	-0.0138794550731	0.00407752061958	-0.000546587364166	0.00320233909039	-0.0158157065864	-0.000246590887546	0.0250947573105	0.00148546100567	-0.00449567141288	0.0118374579194	0.00829865908519	-0.0103637945474	0.0114289275784	0.000294298633746	0.00810190458532	-0.00054226468727	0.00623031601661	0.00694155523961	-0.00317979676046	0.00551219530655	-0.000334843777884	-0.000641045133719	-0.0014470760683	0.00133886992597	0.00037357247634	0.0	0.0	0.0	0.0	0.0	0.0	0.0	0.0	0.0	0.0	0.0	0.0	0.0	0.0	0.0	0.0	0.0	0.0	0.0	0.0	0.0	0.0	0.0	0.0	0.0	0.0
Plate3-G3	0.191041786534	0.0847372382952	-0.12089423348	0.0575505091146	-0.0781545309264	-0.0139803991731	0.0720082118106	-0.0254304766148	0.0108772912175	0.00953639441559	-0.00923724666847	0.0401998854626	-0.0242940282862	0.0471615097497	-0.0386345214026	0.000493701483137	0.00612348264309	-0.00257323056275	0.00845339376486	-0.0494320754309	0.00850988408988	0.0376191515117	0.00444106183159	-0.00369509138181	0.00519339787819	0.0297258184943	0.00906080786152	-0.0157199212288	0.00437499042149	0.0109336748858	-0.00260311307093	0.0118756895985	0.00186669121236	-0.00276520522387	-0.01040040936	-0.0107659496979	-0.0207486377949	-0.00949856870072	-0.0223662716218	-0.00792299467121	0.0070510359319	0.00136451476586	-0.00338760809044	0.00102020328484	-0.0146208927668	-0.000976893428929	-0.0021372775981	-0.00164346526063	0.00447226707405	-0.000514350971859	0.0	0.0	0.0	0.0	0.0	0.0	0.0	0.0	0.0	0.0	0.0	0.0	0.0	0.0	0.0	0.0	0.0	0.0	0.0	0.0	0.0	0.0	0.0	0.0	0.0	0.0
Plate3-H2	0.225779861994	0.11954065453	-0.188133334311	0.0581333680162	-0.0401118858439	0.00265659198819	0.0238336993834	0.0307343061361	0.0416882871748	-0.0316563068841	0.0209794934226	0.0172377996575	0.0498611031637	-0.00098817059237	-0.028381985222	0.034390921264	-0.0383583003923	0.0042481239341	0.000875356607827	0.0211628274832	-0.00520379148566	0.0271620362976	0.0129777338115	0.0159705141686	0.00541444683912	0.0034079056659	-0.000204804468465	-0.0145989416026	0.00900013516913	0.0165289477636	-0.0200513483308	-0.0206601571465	0.00368292501243	0.00118024005607	0.00120076394166	0.0244874024394	0.000585988112385	0.00815070772199	0.0169935118637	0.00213957319752	0.00320456351978	-0.00378935194008	-0.00565803802584	0.00203826829948	0.00483616050948	-0.00650901853033	-0.00171498608927	-0.0072916759361	0.00272700111601	-0.000667636608541	0.0	0.0	0.0	0.0	0.0	0.0	0.0	0.0	0.0	0.0	0.0	0.0	0.0	0.0	0.0	0.0	0.0	0.0	0.0	0.0	0.0	0.0	0.0	0.0	0.0	0.0
Plate3-D8	0.0833518967853	0.0358946713334	0.112646048922	0.100379453702	-0.109066182336	0.0116626996268	-0.00118731104151	0.0562803182355	0.0597310075962	0.0228612304614	-0.0452322765149	0.00235779657424	-0.0120329712511	-0.0078016580082	0.0218843696749	0.00229451371848	0.0196594697253	0.0245545224043	0.00701875094232	-0.00463859434892	-0.00743853854431	-0.00998035919069	-0.015147925893	-0.00702592221344	0.0193633914756	0.0091204372877	0.00275484470562	-0.0148061298473	0.0183745742362	-0.0173786627871	0.00891096643089	-0.00387009342347	-0.00885614616887	-0.0189494917624	-0.0146572815617	0.000270055417722	-0.0012304952137	0.00523121126699	-0.00367119326129	0.0156594369922	0.0108641482639	-0.0170291997844	0.00674025194319	0.00426802137883	0.00147211234954	0.000134928206336	0.00623596722416	0.0069922378002	-0.00129735665129	0.00118315567356	0.0	0.0	0.0	0.0	0.0	0.0	0.0	0.0	0.0	0.0	0.0	0.0	0.0	0.0	0.0	0.0	0.0	0.0	0.0	0.0	0.0	0.0	0.0	0.0	0.0	0.0
Plate3-B8	0.0881561428579	0.0346567120258	0.119982341965	0.101059724106	-0.067588947381	0.00487407998163	-0.030903143352	0.066915687158	0.0476050161031	0.0148220124512	-0.0132665617397	0.0100288181537	-0.0125491740611	-0.00224352498723	0.0343702919376	-0.0336814049569	-0.0233188314757	0.0233538764111	0.0235637215909	-0.00199970818093	-0.0043562465447	0.0215769447978	0.00119040255667	-0.00806855315469	0.000268464140479	0.00424246505557	-0.00356405204223	0.00179484921299	-0.000400868943494	-0.00241437727611	-0.00802749887635	-0.00333418482282	-0.00560889933559	0.00310628149198	0.0330362638829	0.00798199876592	-0.0080078292524	-0.00794485000734	0.00915493385216	-0.0120770523827	-0.0179075057472	0.00901349383653	-0.00489908426878	0.000203654457879	-0.00278453522287	-0.00183948702961	-0.00714433413493	-0.00394049883344	0.00197808910552	-0.00122642271084	0.0	0.0	0.0	0.0	0.0	0.0	0.0	0.0	0.0	0.0	0.0	0.0	0.0	0.0	0.0	0.0	0.0	0.0	0.0	0.0	0.0	0.0	0.0	0.0	0.0	0.0
Plate3-C11	0.152999962412	-0.192819123204	-0.0484928723651	0.0299328032628	0.00466457045053	-0.00769827960136	-0.00868922282379	-0.0300175244434	0.0101184632233	-0.0127595496681	-0.0185992003271	0.0230617801545	-0.0165213778849	-0.00657034232057	0.0183917602413	-0.00203231735196	0.00684895102765	0.04469562319	0.0122830299625	-0.00970616701521	-0.00551056895443	0.0066497554765	-0.0112958847564	0.00318584313629	-0.0385354275818	-0.0141170179333	0.0181853568521	0.0100660865636	0.0386665351821	0.0323879550639	0.00310295416618	0.0019665906722	0.00628615347997	-0.0186946578132	0.0074007435527	0.00194224953843	-0.00681008203485	-0.00831351717635	-0.00519732980337	0.00365635787447	0.000201276840715	0.000991068242972	-0.0078259283232	-0.0102574891468	0.00352461272485	-0.00142348350738	0.000549501016658	0.00108982186913	-0.00376156493776	0.000596678564361	0.0	0.0	0.0	0.0	0.0	0.0	0.0	0.0	0.0	0.0	0.0	0.0	0.0	0.0	0.0	0.0	0.0	0.0	0.0	0.0	0.0	0.0	0.0	0.0	0.0	0.0
Plate3-B7	0.0558894816025	0.0650490286882	0.0907694332714	-0.108788843801	0.0370595910608	0.00768870491022	0.0265393972894	0.0231273489778	-0.0117979987696	-0.00132750504981	-0.00328249495385	0.0302257766329	0.0227283609234	0.0239196415805	-0.000286226067341	0.021497975476	0.00590569717046	-0.00774342836176	0.015450819556	0.0146798420163	-0.0142629194457	-0.0177337123065	0.0308977643899	0.0127568142015	-0.0228087159513	-0.0102102175114	0.00507116270509	-0.0168895606944	-0.0181365788081	-0.00495771589025	0.0157873326513	-0.0101771937018	-0.00153184113253	-0.00589606755674	-0.00429475043075	-0.0188793760366	0.00554706339875	-0.011910587269	0.00928256109518	-0.00621019100042	-0.00302446951448	0.000701115662962	0.00778631456838	0.00207835864296	-0.0124369739799	0.00133100244925	-0.00973188570734	0.00558098133084	-0.00274327416949	-0.00130989826273	0.0	0.0	0.0	0.0	0.0	0.0	0.0	0.0	0.0	0.0	0.0	0.0	0.0	0.0	0.0	0.0	0.0	0.0	0.0	0.0	0.0	0.0	0.0	0.0	0.0	0.0
Plate3-D3	0.240265850086	0.0893664557104	-0.132199041873	-0.00958609536277	0.0461477816103	0.00860738218324	-0.0263877225699	0.021211004889	0.00645059126894	-0.0180145965386	-0.0209339648536	-0.0132036447644	0.00723749395194	-0.00501974396733	-0.0262199142632	0.0308499488758	-0.00123606718128	-0.0103178437442	0.0139033718215	-0.0156470500167	-0.0156915124034	0.00932687566927	-0.00672811004592	-0.0286650401574	-0.00792091925104	-0.00791463504441	-0.0119483565731	0.00787489540526	-0.0217564149412	-0.0247374516507	-0.00802913352014	-0.0149165756494	0.0250563629607	0.03522264996	0.00540979115395	-0.00222164854177	-0.00258510002138	-0.0164027875852	0.0024879060438	0.0147830202008	0.00532610275658	-0.00813930534238	-0.00504414145655	-0.00787201513138	-0.00601484847359	0.000749564497255	0.00301513533278	-0.00198447057016	-0.00227401832024	0.000153537492704	0.0	0.0	0.0	0.0	0.0	0.0	0.0	0.0	0.0	0.0	0.0	0.0	0.0	0.0	0.0	0.0	0.0	0.0	0.0	0.0	0.0	0.0	0.0	0.0	0.0	0.0
Plate4-E2	0.0766034926125	-0.226651872906	0.0123164179097	0.00151376150048	-0.0728240143345	0.0143076429213	0.0443545748503	0.08540461808	0.0297323706377	0.00438705267471	0.0277744947523	-0.0423689903109	0.0108516852052	0.0109646887473	-0.00107990713515	0.036814979265	-0.0131935128699	0.00369281906615	0.0094419116077	-0.00552845052679	0.00127706077732	-0.00425952271035	-0.0159299084599	-0.00673413002771	-0.0223937523925	0.0137294527791	-0.00427275490984	-0.000892805678529	-0.00392337524355	0.00439153713483	-0.0139659660094	-0.0112394794546	-0.00826182458099	0.0047649290681	-0.00185431276097	0.00313862547411	0.00218357002144	-0.00100620968178	-0.0169162954712	0.0106210468599	-0.0127231183748	0.00860360921336	0.00863032251396	-0.00157546721927	0.00787817825713	0.00162222013621	0.000204156430617	-0.00139551877691	0.00186519092156	0.000703366777842	0.0	0.0	0.0	0.0	0.0	0.0	0.0	0.0	0.0	0.0	0.0	0.0	0.0	0.0	0.0	0.0	0.0	0.0	0.0	0.0	0.0	0.0	0.0	0.0	0.0	0.0
Plate3-C5	0.177314023448	0.0303085164673	0.141154611093	0.0380467087423	0.0260713221058	-0.0814775076484	-0.0233852983337	-0.0332758665711	-0.0138661436462	-0.0127752455902	0.0159225589793	-0.0341371273938	0.0141564769724	-0.00318476236671	-0.00348741967191	0.00489135110978	0.00466655691656	-0.0153729879893	-0.0169634101463	-0.0222311835606	-0.00453910291807	-0.0069943393409	-0.00488154974	0.0203439058993	0.00927662188551	-0.0220873852956	-0.00123683809324	0.0142895582805	0.00756525795477	0.0076822259153	0.0253612929997	-0.0143518360269	-0.00670296088725	0.00339462780699	0.0215011796168	-0.00706286814837	-0.0234392640567	0.00104766668015	-0.00997543656156	-0.00357887316714	-0.0197052823167	-0.009929380456	-0.00132781300874	0.00672323826894	0.00213395907334	-0.00920597098622	0.00633686784483	0.00568928979153	-0.00263756180712	-0.00224931363565	0.0	0.0	0.0	0.0	0.0	0.0	0.0	0.0	0.0	0.0	0.0	0.0	0.0	0.0	0.0	0.0	0.0	0.0	0.0	0.0	0.0	0.0	0.0	0.0	0.0	0.0
Plate4-B2	0.0932635811142	-0.184349544308	-0.00443293495865	0.0297765754667	-0.0612882744723	0.0679995373969	0.0152023533866	0.0352230390757	0.00489566802302	-0.00722713950444	0.0152419581792	0.0409191624226	0.02970421822	-0.00872861442374	-0.0215903865049	-0.0419277919379	-0.0353848722966	0.000187076102941	-0.0148712888851	-0.00613906686078	0.029288958132	0.0102123469293	-0.0195911890777	-0.00244006480115	0.0118587477807	-0.000240171937998	-0.0132734384687	0.00412190069812	0.0128003665178	-0.034876483403	0.0132204710216	-0.00631603831169	0.00753419896446	0.00453056704932	0.00573102805373	-0.0104717089719	-0.0020159063267	0.00435245179993	0.0120769024849	-0.0112683190249	0.00414911302413	-0.0113991316908	-0.00266894256793	0.00671384221409	-0.00752526957344	-0.0020294377038	0.00393835936501	0.000557159933416	-0.000183493734176	0.000301038391542	0.0	0.0	0.0	0.0	0.0	0.0	0.0	0.0	0.0	0.0	0.0	0.0	0.0	0.0	0.0	0.0	0.0	0.0	0.0	0.0	0.0	0.0	0.0	0.0	0.0	0.0
Plate4-C1	0.0860745086354	0.0618657944277	0.153941477405	-0.0393579862824	0.0558251951882	0.0427862273119	0.0569735498418	0.0448530239012	-0.0526968638611	-0.0608246735424	-0.0798738317624	-0.0456752748409	0.0240741505695	0.0179511613913	0.0158301021415	-0.0548102432259	0.0338677551161	-0.00831598756356	0.00864310024126	0.0280268200998	0.0478249541157	0.00818481160346	-0.0498437006048	-0.00532687452793	-0.00128359080149	-0.0120550725311	0.00878404218746	-0.00302292295439	0.00848935302694	0.00796560537889	-0.0222397688173	0.00013810120959	-0.0122491141538	0.0167480427079	-0.0161230095934	0.0102615553222	-0.00464223777071	-0.00554378411862	-0.00360991898809	-0.0033218506577	-0.000723278448764	-0.00417711171874	0.00218312658316	0.0035037860118	-0.00274669957941	-0.00573035026088	-0.00512094238354	-0.00383155313891	-0.00110869629388	-0.000579457131239	0.0	0.0	0.0	0.0	0.0	0.0	0.0	0.0	0.0	0.0	0.0	0.0	0.0	0.0	0.0	0.0	0.0	0.0	0.0	0.0	0.0	0.0	0.0	0.0	0.0	0.0
Plate3-H8	-0.131108791726	0.0571622486922	0.0439639860833	0.010596417468	0.00958634681165	0.0592622615576	-0.0572905049317	0.0393968652257	0.0531491475095	0.074190078811	-0.017626179382	0.0279081313792	0.0538416046993	-0.0251580916534	-0.0036363468168	-0.00655254721543	0.0446640467617	-0.0283719853314	0.0137276054538	-0.0269806792964	0.032113429585	-0.00440773198385	0.00966529554135	-0.0205978751918	-0.0109269231063	-0.00895197724542	-0.0188397232144	0.0183141247541	-0.0212709625055	0.00218911304086	-0.00057823915728	0.0119127455313	0.000984209167754	0.00354328160048	-0.00572343745854	0.000452078359785	-0.0028714451551	0.0080089163225	-0.00502496007064	0.00226377096194	-0.00742819947176	0.00541130172539	-0.00482159762002	0.00190983497805	0.00280602222406	-0.000914880847739	-0.000903487117026	0.00204328009844	-0.00156872359479	0.000770150063923	0.0	0.0	0.0	0.0	0.0	0.0	0.0	0.0	0.0	0.0	0.0	0.0	0.0	0.0	0.0	0.0	0.0	0.0	0.0	0.0	0.0	0.0	0.0	0.0	0.0	0.0
Plate4-C2	0.148193942501	-0.178147003728	-0.0434814449551	-0.00425526170342	-0.00170318118321	0.0171351717748	0.0375392509182	-0.00452153452402	-0.0220463717742	-0.0207476124469	-0.00236744265858	0.0781941166715	0.00345744133306	0.000459558410321	0.00948331843594	-0.034647129646	-0.00767649104645	-0.00827499124557	-0.020336959589	-0.0208635701655	0.0018499243326	-0.016221387602	-0.0014391697259	0.0273903566122	0.0160620613241	0.000487972805409	0.00602555194458	0.0118900330801	-0.0305305745105	-0.00596461033749	-0.0259132263943	-0.0087756647227	-0.0197020259579	-0.00729626900911	-0.0128374005224	-0.00353095254975	0.000573336897426	0.0045812875397	0.00217472365032	0.011080645824	-0.00997658677342	0.0118410778735	-0.00694431304135	-0.00264493385421	0.00300284560267	0.002953178446	-0.00226629075126	0.00531322725996	-0.000606494490532	-2.20067327648e-05	0.0	0.0	0.0	0.0	0.0	0.0	0.0	0.0	0.0	0.0	0.0	0.0	0.0	0.0	0.0	0.0	0.0	0.0	0.0	0.0	0.0	0.0	0.0	0.0	0.0	0.0
Plate3-E11	0.106116342395	-0.200927445073	-0.00550971505452	0.0917155948543	-0.0362335774877	0.0237769591709	-0.054945883058	-0.0369272901747	-0.0471276466145	-0.00728370026002	0.0116558012769	-0.0187930723911	0.0517309826637	-0.0148846497313	-0.036791194177	0.00695749173527	0.0114326152188	-0.00861282727639	0.0389204377822	-0.0218655574823	0.0309729170487	-0.0121962428169	0.00758146964597	-0.0132600524649	0.0136468378354	-0.0107867246024	-0.00334288120813	-0.00722400368238	-0.00275469251381	0.0126128010793	-0.00799572517747	-0.00942123612615	-0.00158599795736	-0.00962146545133	-0.00185894395027	-0.00324265595186	0.00982586064233	0.0031377292369	0.00156316088562	0.00319264387581	0.00172340904753	-0.00389973685859	0.000389657207674	-0.00468698498129	0.00261901609963	-0.0019786527685	-0.00260734602179	0.000778145784678	-0.000172062312825	-0.00192731107893	0.0	0.0	0.0	0.0	0.0	0.0	0.0	0.0	0.0	0.0	0.0	0.0	0.0	0.0	0.0	0.0	0.0	0.0	0.0	0.0	0.0	0.0	0.0	0.0	0.0	0.0
Plate3-F11	0.137952646988	-0.219353942043	-0.0118901141334	-0.0118578713622	0.00296111692207	-0.0281550166555	0.0341866647531	-0.00693708106741	0.0170615624735	-0.00821227110862	0.00879093672372	-0.0236182734733	-0.0438893117708	0.00507507624754	-0.00221074755912	0.030008448657	0.0235685097306	0.00513866341693	-0.0141615155164	0.00483585973877	0.0234349540198	-0.0124116156863	-0.00177479958362	-0.00685379550271	0.000951265357486	-0.00822536967547	0.0133015622159	-0.0186466156579	0.00506050733104	0.00825056087878	-0.0229907466845	0.00853121442344	0.00416045336766	0.00507305776038	-0.00651896355005	-0.0103757606076	-0.00676952964114	0.000303036584458	0.0317328902623	-0.0123585391646	0.0019385479804	0.00249933089405	-0.00338711946757	0.0150178488216	0.000692383008685	0.0122949349401	0.00597023636188	0.0049590283878	-0.00179427329656	-0.000488578703473	0.0	0.0	0.0	0.0	0.0	0.0	0.0	0.0	0.0	0.0	0.0	0.0	0.0	0.0	0.0	0.0	0.0	0.0	0.0	0.0	0.0	0.0	0.0	0.0	0.0	0.0
Plate3-F1	0.223445759719	0.0897154247116	-0.126076171965	0.00244927285274	-0.0107612682497	0.00843533576645	-0.0079359686256	0.0378898559641	-0.0643320581891	0.0289392353338	0.0151536818665	0.0292205282245	0.00904793850518	-0.0146073151942	0.000634983901214	0.0105560488556	-0.0140780758856	0.0426148396665	-0.0058116689695	0.00945449914662	-0.0147608508239	0.00805532964986	-0.0295724188927	0.0223616052485	-0.0143204835394	-0.0115207045756	0.00406980411451	0.0219294849006	-0.0181872499208	0.0070029130883	-0.022545465749	0.0299874583576	0.00742259731482	0.00989029679669	0.0088928035685	-0.00441822742464	0.0137282720676	-0.00847239062283	-0.00701547144327	-0.0138327773806	-0.00189616111852	-0.0127795097521	-0.00242918651478	0.00331767155423	-0.00299591600567	-0.00171200203427	0.00498579674653	0.00304053888487	-0.00308529017805	0.000122036421086	0.0	0.0	0.0	0.0	0.0	0.0	0.0	0.0	0.0	0.0	0.0	0.0	0.0	0.0	0.0	0.0	0.0	0.0	0.0	0.0	0.0	0.0	0.0	0.0	0.0	0.0
Plate3-D5	0.164287079534	0.0267864204534	0.123541850465	0.0356620653425	-0.00812160903473	-0.0483122733661	-0.0424010744779	0.0287128295085	0.0177421711647	0.0120240336118	-0.00523223425626	0.0387150980681	-0.0275740907364	0.0527474362877	0.00907102480401	0.000230043157185	0.0130570255947	-0.0332370286425	-0.0110146556625	0.0341734965227	-0.0214931483331	0.019382593338	0.0241330620284	0.00103010915581	-0.0181471522079	-0.0308305819552	-0.00547316502624	-0.0188073381202	-0.000408192209027	-0.00167077784306	-0.0151722169041	-0.00200880529601	0.0192177845441	-0.0100278408613	-0.00915484516962	0.0167384506167	-0.00604205758475	-0.00216929451774	-0.00404713733309	-0.000424106017203	-0.00311258500262	0.00353710101148	0.00524907770196	0.00495982661824	-0.00449866154793	-0.00822851683258	0.00226307019039	0.00154099210755	0.00147570834445	0.000165702332975	0.0	0.0	0.0	0.0	0.0	0.0	0.0	0.0	0.0	0.0	0.0	0.0	0.0	0.0	0.0	0.0	0.0	0.0	0.0	0.0	0.0	0.0	0.0	0.0	0.0	0.0
Plate3-F5	0.179154782118	0.0334436963761	0.153587198082	0.0257108980401	0.0107455401125	-0.0827571261179	-0.0276497503093	0.00221518469467	-0.00439116762226	-0.00827207378393	0.0230016942475	0.0186255265793	0.0269024840414	-0.0257896704452	-0.01174839296	-0.0152950888902	0.016013217108	-0.0012315190289	0.0115307307901	-0.0235825904757	-0.00266911562994	0.00310497780265	-0.00587313586992	-0.00276964736747	0.0100666898793	-0.0116677673241	0.0012702090308	0.0351630427021	-0.000985554558641	0.0254573938949	-0.017032481749	-0.00700382425626	0.0112972645857	-0.0049564435047	0.00122518761246	-0.00636137033294	-0.0151466664881	-0.00731571731416	0.0164417115765	0.0136931261867	0.0144850589986	0.00487997343285	0.0151713327767	-0.00399003223884	-0.00316751244477	0.00352658183238	0.00120643640258	-0.0042827595484	0.00401966111309	0.00167625849757	0.0	0.0	0.0	0.0	0.0	0.0	0.0	0.0	0.0	0.0	0.0	0.0	0.0	0.0	0.0	0.0	0.0	0.0	0.0	0.0	0.0	0.0	0.0	0.0	0.0	0.0
Plate3-G2	0.134956054889	0.0663259965105	-0.0758780414534	0.030620791833	-0.0948713083625	-0.0145455284312	0.0490046476278	0.000942380706324	-0.115742798905	0.0499930432423	0.00272007766586	0.00495055154665	-0.00420130808983	-0.021228346081	0.00387984110728	-0.0273986731524	0.0372045785458	-0.0326140750309	-0.00467322355237	-0.00226020045499	-0.00742131269587	-0.033113722037	0.0185958595202	0.0068848895001	0.0156666094937	0.0151236110157	0.000998053359257	-0.0167715975583	0.0149375546148	0.000856254101114	0.0116183561891	-0.0102073821145	0.00295287098672	0.0073544770348	0.0113915250181	0.0056907273955	0.00817838413606	1.42075613729e-05	0.00639617261193	-6.7670988196e-05	0.00373345709484	0.00367459106195	-0.00787875875109	0.00602618016488	0.0101216257067	-0.00741456132987	-0.00633426835289	-1.93509044171e-05	0.00183276646826	0.00113246002689	0.0	0.0	0.0	0.0	0.0	0.0	0.0	0.0	0.0	0.0	0.0	0.0	0.0	0.0	0.0	0.0	0.0	0.0	0.0	0.0	0.0	0.0	0.0	0.0	0.0	0.0
Plate3-H10	0.16371786264	-0.200238502299	0.000508770197982	0.00934055556782	0.014276732328	0.0329752299649	-0.00699396887669	-0.0354376707105	0.00103285485891	-0.0170190707352	-0.0198976847119	0.0212211977213	-0.0293035822207	-0.0225775195999	-0.00611414920018	-0.0242028286855	0.000238455905002	0.0453431143147	0.0152040099511	0.00125759027316	-0.0144335175698	-0.0172239693152	0.0261112732022	-0.00678933965897	0.0166753685271	-0.0159735915088	-0.00341247310015	-0.0170746603072	-0.00261692088472	0.00360069255971	0.0115451137259	-0.017541314168	0.00811961559304	0.0320768117732	-0.0054445397659	0.0122310732133	0.00906950636647	-0.00133513503731	-0.0192591258122	-0.00300851889456	0.00905136119382	0.0063083640901	0.011525792453	0.000779575260425	-0.00153210848204	0.00470451186628	0.00278533825059	0.00193149842115	0.000986008005498	-0.00253914778771	0.0	0.0	0.0	0.0	0.0	0.0	0.0	0.0	0.0	0.0	0.0	0.0	0.0	0.0	0.0	0.0	0.0	0.0	0.0	0.0	0.0	0.0	0.0	0.0	0.0	0.0
Plate3-C2	0.263350843913	0.0946104674663	-0.182845709213	0.0205077649081	0.0319726899245	0.0224448730952	-0.0727372920426	0.015146722332	0.0494706554419	-0.0122050614921	0.012242709705	0.000991510422643	0.00387693832618	0.0477809777377	-0.0261113005612	-0.0325209034419	0.00375587504712	-0.0350830462475	0.00342238119035	0.0422006266486	0.0221357427826	-0.0232897509739	0.00897493703017	0.0020483159099	-0.00713185120413	0.0277813893967	0.00714634917591	-0.00282784856473	0.0245805384094	0.00691772817752	0.0106895927462	0.0187418814677	-0.00834052601721	0.0183662604947	0.0163230447594	-0.00103499111154	0.000846030520123	0.0143099861517	-0.00371671577406	0.00858505620995	0.00248165592095	-0.000962095896606	0.00695034010401	-0.00522669119732	-0.00372831175256	0.0055920075655	-0.000927092360811	-0.00401446646867	-0.00673820725025	-0.000434748411181	0.0	0.0	0.0	0.0	0.0	0.0	0.0	0.0	0.0	0.0	0.0	0.0	0.0	0.0	0.0	0.0	0.0	0.0	0.0	0.0	0.0	0.0	0.0	0.0	0.0	0.0
Plate3-D2	0.190776514831	0.0959375867265	-0.148508350742	0.0381782007422	-0.0733296758288	-0.0181564085728	0.0230423361752	-0.00578129448822	-0.0719961928615	0.0472187862396	0.00700355145385	-0.00115907883033	0.0167033380352	-0.0425631359683	-0.0160694182999	-0.0143373424794	0.0255859683992	0.0176154354773	0.0108815539851	0.0222632088252	-0.0272239805399	-0.0219505625583	-0.00336751041207	-0.0168277026051	-0.0235546676148	-0.000213333427549	-0.00263362062122	-0.00615084124033	0.0176300207691	-0.0252071237126	-0.00337461083029	0.00166533413686	0.0103925035146	-0.00057368867177	-0.0144003185163	0.000865070243692	-0.0213925133748	-0.00264211139339	0.00217998603793	0.000406517779902	-0.0185386700251	-0.00123711931602	0.00760018373111	-0.008587977338	0.00415973472538	0.0119792812148	-0.00192965820273	-0.0010652143431	0.00162782424831	-0.000843908904237	0.0	0.0	0.0	0.0	0.0	0.0	0.0	0.0	0.0	0.0	0.0	0.0	0.0	0.0	0.0	0.0	0.0	0.0	0.0	0.0	0.0	0.0	0.0	0.0	0.0	0.0
Plate3-E2	0.209019186739	0.0838752182522	-0.13329107059	0.0248282583603	-0.00543445043507	0.0103734815315	-0.0273484483135	-0.00623377442883	-0.011838104084	0.0123814507668	0.0116505075887	-0.0152991552675	-0.00169567851267	-0.0122232979786	0.0182140639382	-0.00501091005051	0.00168165931189	0.00355532373499	0.0195418285558	0.0117955089992	-0.00134885004424	0.0574697353615	-0.00118537817474	0.00744787942863	-0.0080006413488	-0.0417693070638	0.00932235711374	0.012597761554	0.00767895532562	-0.0316391411293	-0.00118155365496	-0.00675361913134	-0.0117586112699	-0.016546996282	0.00397822653178	-0.0166514098725	0.0115799727745	0.00444433002637	-0.010238267028	0.00834554487758	0.0154864961876	0.0102330193579	-0.00276199722785	0.0153968112187	0.00398841083744	0.000356298704096	-0.00402145363901	-0.00242529581691	-0.00536596825156	-0.000179135121497	0.0	0.0	0.0	0.0	0.0	0.0	0.0	0.0	0.0	0.0	0.0	0.0	0.0	0.0	0.0	0.0	0.0	0.0	0.0	0.0	0.0	0.0	0.0	0.0	0.0	0.0
Plate3-C10	0.105605975344	0.0558912011991	0.0788004386732	-0.0580748339786	0.0442995441371	0.0086615891938	0.0115374242154	0.0731724722036	-0.0477715320955	-0.0414151917338	-0.0641187885798	-0.00556994971271	-0.021184495167	-0.0230525901075	-0.0128393734838	0.0202275896233	-0.0118660414733	-0.023596947962	-0.00363407585158	0.0130624114096	0.0023083858281	0.0141668669981	0.00604618239573	0.0100545882276	-0.0100693266314	0.0233089590135	-0.00534961362781	0.0184367398298	-0.0106772715817	0.0112271998247	0.00605644899706	0.0149026149636	0.0130753457613	-0.0219287624914	-0.00142903414104	-0.000968481371549	0.00541030284749	0.00630494079497	-0.00425262384478	0.0101875684699	0.00254483585828	-0.00378813195307	-0.00191010339831	0.00280179015166	0.00529369669426	0.0121321132799	0.00212790853573	0.00145338154763	0.00954205726939	-0.00302568551901	0.0	0.0	0.0	0.0	0.0	0.0	0.0	0.0	0.0	0.0	0.0	0.0	0.0	0.0	0.0	0.0	0.0	0.0	0.0	0.0	0.0	0.0	0.0	0.0	0.0	0.0
Plate3-C1	0.213398472607	0.0740671820643	-0.0740141846154	0.0170048706325	-0.0326386163234	-0.0215340490031	0.0769428744091	-0.0276580726326	0.0273713235733	-0.0013969419871	-0.0250776814675	0.00665855615866	-0.039366921144	0.0189894547363	0.0394674661856	0.00219177430092	0.00968290408792	0.0292591575113	0.0065529958544	-0.0226388218155	0.0153772446986	-0.00115086034647	0.0116752406873	0.0169489917613	0.00194094674772	0.00742973228734	-0.0150063454116	0.0127152018381	-0.016077524573	-0.0116150272963	0.00130441359341	0.0043198966563	0.0036046537871	-0.000402029538171	-0.0132717452242	-0.00601224449515	0.0130983484171	0.0160660787862	0.00482877061934	-0.000633703048046	-0.0100971680068	-0.0127113643383	0.00841378914166	-0.00642965158472	-0.00200381872497	-0.00548134139968	0.00283197301143	-0.00682565872798	-0.006032307434	-0.000365347671336	0.0	0.0	0.0	0.0	0.0	0.0	0.0	0.0	0.0	0.0	0.0	0.0	0.0	0.0	0.0	0.0	0.0	0.0	0.0	0.0	0.0	0.0	0.0	0.0	0.0	0.0
Plate3-F2	0.200349286549	0.0696708932694	-0.103586741557	0.0171933481551	0.0177913082393	0.0152741770068	-0.0451024901652	-0.0101134201614	-0.0302310350242	0.029110028012	-0.0252324942149	0.00589320030596	-0.0701680863475	0.0899542978755	-0.0601790610417	-0.0223567927973	-0.0227449240881	-0.0139998287516	0.0181778586769	-0.0193699607668	0.012373667926	0.00173733682732	-0.0112242726328	-0.018436057151	0.00362793543502	0.000465416638988	0.0108692309168	0.0170131985468	0.00279173506979	0.0136214881865	0.0036025795983	-0.0114069662956	4.27048768743e-05	-0.00575565113957	-0.000872859264361	0.000676472095098	0.00728294959605	0.000370173940113	0.0114395230741	0.00916852700059	-0.0104083820763	-0.000171615966001	-0.00154376554317	0.00237005528883	0.00804134296858	0.00157991279106	0.00198441936928	0.0101751675478	-0.00192080634378	0.000159244282705	0.0	0.0	0.0	0.0	0.0	0.0	0.0	0.0	0.0	0.0	0.0	0.0	0.0	0.0	0.0	0.0	0.0	0.0	0.0	0.0	0.0	0.0	0.0	0.0	0.0	0.0
Plate3-F3	0.285145631543	0.0888783972487	-0.130962830185	-0.00784576177619	0.0393726506261	-0.0226004142281	0.0238929438692	-0.0112735568338	0.0646897519597	-0.0417117265695	0.0159347616203	0.00438197207951	0.0190260045138	-0.0322266701226	0.0287625327956	-0.006592570809	0.010061237708	-0.019630270513	-0.0272424826448	-0.0265794926126	-0.00783233969452	0.00165676939091	-0.0220961112483	-0.0114299813327	0.0128719921893	0.00757631289547	0.0145673652564	-0.010090142351	-0.0108058726382	0.00874156153732	0.0108197990343	0.0098609807077	-0.00244241279447	0.00954250869302	0.0203163112404	-0.00251971452148	-0.0100177328523	-0.00411234532604	-0.00373789579655	0.000590613722886	0.0020816627987	-0.00682625686692	0.00564056370256	0.0138853146138	0.00596463795797	0.0118324628502	-0.00847609899652	0.00793435396916	0.000938391440654	0.000946137741427	0.0	0.0	0.0	0.0	0.0	0.0	0.0	0.0	0.0	0.0	0.0	0.0	0.0	0.0	0.0	0.0	0.0	0.0	0.0	0.0	0.0	0.0	0.0	0.0	0.0	0.0
Plate3-A8	0.127477149237	0.0286030026696	0.0851893361462	0.0498284765357	-0.0661332673242	0.0274504770856	0.0130249837768	0.0516180923494	0.0252193537118	0.0179511791699	-0.0112547296026	0.0036344002123	-0.00375214179101	0.00980111042179	0.0149063325824	0.013373031791	-0.022376947827	-0.000235398846285	-0.0488193867707	-0.00332735776125	4.89119592755e-05	-0.00771274334695	0.00319903787946	0.0215194006199	-0.0147208646436	-0.00299147032713	-0.00376384497124	0.0119959255183	0.00113246591734	0.0124103684641	0.012445808057	-0.00788489059264	-0.0188351584152	0.0198191803729	-0.00233410419447	-0.0216584641824	-0.000726636457361	0.00731647778268	-0.000507966182914	-0.00764229057205	0.0130350427612	0.00143707809455	-0.00663582697173	-0.0190673844021	0.0129942331098	0.00459022086582	-0.00191947582172	-0.00263995854049	0.0035855352893	-0.000911629259062	0.0	0.0	0.0	0.0	0.0	0.0	0.0	0.0	0.0	0.0	0.0	0.0	0.0	0.0	0.0	0.0	0.0	0.0	0.0	0.0	0.0	0.0	0.0	0.0	0.0	0.0
Plate3-D1	0.27884882907	0.0901987445992	-0.133314535241	0.00863189225136	0.0292191207659	0.00281644333376	0.00206057330352	-0.0155439665352	0.0759659548543	-0.0209727711658	0.0114689265305	-0.00790954281191	0.00279380585889	0.021849944308	0.0133639759681	-0.0312600581342	-0.0190641030024	-0.0157429115076	-0.0087007486906	0.0315896776437	0.00859771444705	-0.0324560407428	-0.021183726566	-0.0149197544827	-0.000334251984896	-0.0129859899013	0.00832754529515	-0.00932167069445	-0.0268743877651	-0.0109271628268	0.00924593543308	-0.00875329500142	0.00968809895158	-0.020855225908	-0.00724667158608	-0.00119478485966	0.00108561834956	-0.0195416325784	-0.00395158486504	-0.0144168642553	0.00173168282703	0.0066805688141	-0.00107156477169	-0.00802172109233	0.0118378196034	-0.00651099893326	0.0052959027082	0.00436318326983	0.00531854788684	-0.000137799068389	0.0	0.0	0.0	0.0	0.0	0.0	0.0	0.0	0.0	0.0	0.0	0.0	0.0	0.0	0.0	0.0	0.0	0.0	0.0	0.0	0.0	0.0	0.0	0.0	0.0	0.0
Plate3-H9	0.128086129777	0.0545452341764	0.0681119507311	-0.0778589812926	0.0154606493628	0.029154011707	0.0115068620239	0.0423754653573	-0.0307046050949	-0.0135107628358	-0.00582403189028	-0.00671079600325	-0.00647365777581	-0.0107693773921	-0.0138254276386	0.00655847026967	-0.0293030799985	-0.0117178288527	0.000435653432591	-0.0166261239634	-0.0112046760635	-0.0043257638403	0.0361111660869	0.00142139972626	-0.00348203782292	0.00566513350757	-0.0215814201333	-0.00333946626728	0.00913972818767	-0.0098113137341	-0.00280192718826	-0.0015643709262	-0.0348997878668	-0.000826686227262	-0.002999184603	0.0119162609266	-0.00906626792811	-0.0284153917257	0.00236082184094	-0.000414587020477	0.00334841229854	-0.00308303331878	-0.00766801670444	0.00268545215691	0.00526233077541	0.00456233407599	0.0169600460413	-0.00163647607916	-0.00892933250058	0.0006388073251	0.0	0.0	0.0	0.0	0.0	0.0	0.0	0.0	0.0	0.0	0.0	0.0	0.0	0.0	0.0	0.0	0.0	0.0	0.0	0.0	0.0	0.0	0.0	0.0	0.0	0.0
Plate3-A11	0.108081960093	-0.193460714013	0.042508197391	0.0935565381152	0.00374637354258	0.00252848724453	-0.0756265475035	-0.0211177980257	-0.0351947138823	-0.016318824447	-0.0201330010773	-0.0251348458068	0.0082836792437	0.0215939256944	0.00170730694703	0.0111983682737	-0.0249065372233	-0.0203336717668	-0.00387046715782	-0.00392344991313	-0.0118905759846	-0.027049867616	-0.0154881252909	0.0531459016122	-0.00965492594627	-0.00195202276272	0.0281341641994	-0.00466932223818	0.00625018809291	-0.0184742029282	0.0103810612445	0.0232592390737	0.0104923367683	0.00151301972302	-0.00526807396815	-0.00744865020139	-0.0058319489687	-0.00644331848911	0.00180879691223	0.00426842556495	-0.000616830662416	-2.73499710756e-06	-0.00293026582524	-0.00173300723018	-0.00419770820951	-0.00201576632604	-0.00151837279479	-0.010352241835	0.00212108712193	0.000924330557794	0.0	0.0	0.0	0.0	0.0	0.0	0.0	0.0	0.0	0.0	0.0	0.0	0.0	0.0	0.0	0.0	0.0	0.0	0.0	0.0	0.0	0.0	0.0	0.0	0.0	0.0
Plate3-B11	0.115710325753	-0.172390712601	-0.0304186798505	0.082311710162	-0.0308935056871	0.0489040756935	-0.052713010466	-0.031954034916	-0.03215478712	0.0280906579699	-0.0201587869868	0.0160330294341	0.0114047575128	0.0268104749133	0.0362131096951	0.0298571019007	0.0269295962477	-0.0056863107381	-0.0113299402206	0.0341944470605	-0.0101512621182	0.0522829973367	-0.000148267234375	0.0143734158957	0.0255026135177	-0.00532314505213	-0.0178828565779	-0.000897972736457	0.0077791104532	0.00302732598559	0.000407723546706	0.00066343065438	-0.0026575263307	0.0116693602278	0.00214870305434	0.00628396540576	0.00689672736671	0.00218547142793	-0.000283741969503	-0.00668920076796	-0.00601598211617	-0.000531091909141	0.00594959906825	-0.000123489599409	0.00570150753134	0.00883539466645	0.00361189949409	0.00542485142646	0.00625721046518	0.00109876471727	0.0	0.0	0.0	0.0	0.0	0.0	0.0	0.0	0.0	0.0	0.0	0.0	0.0	0.0	0.0	0.0	0.0	0.0	0.0	0.0	0.0	0.0	0.0	0.0	0.0	0.0
Plate3-C8	0.180665581637	0.0264104543231	0.108459277825	0.0674099758464	-0.0494118605924	0.0189035642452	-0.0225109770855	-0.0271366228752	-0.0107318656318	-0.0144605893413	0.0395371584728	-0.0125481438265	-0.0132661082934	-0.00717967629585	0.0125233469448	-0.0193305198122	-0.0252758150175	-0.0201482080976	0.0107632555534	-0.0471306292379	0.0114902860952	-0.0116698249551	0.00635356409445	0.0278331145303	-0.0249434115127	0.0130486040267	-0.0172784733329	0.00212403843615	-0.00538348398542	0.00922063570447	-0.00276868974903	-0.00968522860831	0.00346278048295	-0.00766382276709	-0.00514303238736	0.0168698772681	0.00886492847992	0.00378709042835	0.00446226412445	-0.0144960560757	0.00412271103271	-0.00098969530166	0.0164361170064	0.00789245563142	-0.0054844104817	0.00616060542169	-0.000142250040914	-0.00653444591904	0.0003346977296	7.97911502965e-05	0.0	0.0	0.0	0.0	0.0	0.0	0.0	0.0	0.0	0.0	0.0	0.0	0.0	0.0	0.0	0.0	0.0	0.0	0.0	0.0	0.0	0.0	0.0	0.0	0.0	0.0
Plate3-B3	0.237396180242	0.094624370897	-0.158934863231	-0.0143515872226	0.0519238488172	-0.00379921037567	-0.0283606925207	0.012287192863	0.00694765565179	-0.0292817679057	0.00858254966145	-0.0121835212829	-0.00323916612773	-0.037606175769	-0.00899523193425	0.00928785345879	0.0238244893007	-0.00897010488264	-0.0117827025296	-0.0153370154878	0.0148554635603	0.0106817462789	0.00807832897791	-0.00239070844287	0.0228694506899	0.0149358950826	-0.0164281343285	-0.00521252300774	0.0154822141013	-0.00613631771111	-0.00935949870353	0.019308053076	-0.00538225169271	-0.0150276969905	-0.00323725911425	-0.0161197081278	0.0178603007022	-0.0219764464412	-0.00136478817863	-0.00990479555421	-0.00807604918806	0.00973004489933	0.0127056981212	-0.00468196402061	0.00446038041058	-0.00770317772779	2.12482126454e-05	-0.00313627570424	0.00517607800062	0.000296908468054	0.0	0.0	0.0	0.0	0.0	0.0	0.0	0.0	0.0	0.0	0.0	0.0	0.0	0.0	0.0	0.0	0.0	0.0	0.0	0.0	0.0	0.0	0.0	0.0	0.0	0.0
Plate3-A10	0.147422444282	0.0532848540888	0.0933176144826	-0.0864428193059	0.0664077790002	-0.0100772783208	0.0117399752347	0.0370240325713	-0.0336732253372	-0.000864477398605	-0.0319297409174	-0.00371441232525	-0.00153984956645	-0.0186610538308	-0.0424257607419	0.0323828427813	-0.0179425283353	-0.0135403949993	-0.0362210630547	-0.00436827877726	-0.0142399746451	0.00547306150658	-0.0224727078462	-0.0137447537708	0.011369899787	0.00661635716164	0.000545120022877	-0.00250784738835	0.0255140575785	0.00273803634746	-0.00620190993309	-0.0318915997319	0.0120745720742	-0.00573584788405	0.00163921795302	-0.00630589004406	0.00831610667378	0.018075403659	-0.00795319144702	-0.0172872176613	-0.00211581792531	0.00335106717944	-0.000534096706497	-0.00774877884017	-0.00819182061426	-0.003733358001	-0.00273483363861	0.0051254537354	-0.000881064670752	0.00265068883726	0.0	0.0	0.0	0.0	0.0	0.0	0.0	0.0	0.0	0.0	0.0	0.0	0.0	0.0	0.0	0.0	0.0	0.0	0.0	0.0	0.0	0.0	0.0	0.0	0.0	0.0
Plate3-B2	0.244276765038	0.0894160744447	-0.128351428302	-0.0144060072615	0.0401977479199	0.00153523451199	-0.0290659970007	0.018565884968	0.0130037370497	-0.0296008991312	0.000499362192096	-0.0222246056644	0.00325635765344	-0.0277521861117	0.0253739008661	0.0147246023203	-0.00115291456794	0.00900223673927	0.00305496723639	0.00814169993605	0.00606495802295	-0.0236797948102	-0.000783156234691	0.024446808016	0.0166866826194	0.0140759329631	-0.00307176488437	-0.00104503554837	0.000267731752245	-0.00522580503752	-0.00188554705952	-0.0112500074843	0.0222347413838	-0.00717962240372	-0.0151649762919	0.00337239013895	-0.0238402599413	0.0145346976416	-0.0077441552151	-0.00181694394391	0.00432839362583	0.0176895885172	-0.00776576898743	0.00785342200241	0.00301733348422	-0.000984858915136	0.00405712482328	-0.00277578195952	-0.00635073438089	-0.000417345227636	0.0	0.0	0.0	0.0	0.0	0.0	0.0	0.0	0.0	0.0	0.0	0.0	0.0	0.0	0.0	0.0	0.0	0.0	0.0	0.0	0.0	0.0	0.0	0.0	0.0	0.0

Biplot	0	0

Site constraints	0	0
